# WAVELENGTH THROUGHPUT
2.988923940999999473e+00 0.000000000000000000e+00
2.990275172999999675e+00 0.000000000000000000e+00
2.991626404999999878e+00 1.107662858773115453e-04
2.992977637000000080e+00 1.193328189140478490e-04
2.994328868000000199e+00 1.285919935486632391e-04
2.995680099999999957e+00 1.377789140088373063e-04
2.997031331000000076e+00 1.472282628393168605e-04
2.998382561999999751e+00 1.578815483448939207e-04
2.999733794000000398e+00 1.692607625816734153e-04
3.001085025000000073e+00 1.818179775568469372e-04
3.002436256999999831e+00 1.949791779328842109e-04
3.003787487999999950e+00 2.085926593302799459e-04
3.005138719999999708e+00 2.229657519058870986e-04
3.006489950999999827e+00 2.387718467279582098e-04
3.007841181999999947e+00 2.561553084162280385e-04
3.009192414000000149e+00 2.745408675022340396e-04
3.010543645000000268e+00 2.936671683751102468e-04
3.011894877000000026e+00 3.141148570799621184e-04
3.013246107999999701e+00 3.361806860997273755e-04
3.014597339999999903e+00 3.597605156210219378e-04
3.015948571000000022e+00 3.855246685787774548e-04
3.017299802999999780e+00 4.123148603217939990e-04
3.018651033999999900e+00 4.406533581290052355e-04
3.020002265000000019e+00 4.709000915328586116e-04
3.021353497000000221e+00 5.033561951443239280e-04
3.022704728000000340e+00 5.375610236643698194e-04
3.024055960000000098e+00 5.742188889975796901e-04
3.025407190999999774e+00 6.134115515141851365e-04
3.026758423000000420e+00 6.545229767354063602e-04
3.028109653999999651e+00 6.989286373083926102e-04
3.029460885999999853e+00 7.473498751731211644e-04
3.030812116999999972e+00 7.990543430483489475e-04
3.032163348000000092e+00 8.541824435673227257e-04
3.033514579999999849e+00 9.136880247627715427e-04
3.034865810999999969e+00 9.774133646415865666e-04
3.036217043000000171e+00 1.045584049693942547e-03
3.037568274000000290e+00 1.119558174392293673e-03
3.038919506000000048e+00 1.199481725384059097e-03
3.040270736999999723e+00 1.285229067350700466e-03
3.041621967999999843e+00 1.378307461388292429e-03
3.042973200000000045e+00 1.478822021090952414e-03
3.044324431000000164e+00 1.587814062524461195e-03
3.045675662999999922e+00 1.706045244687182192e-03
3.047026894000000041e+00 1.833989275028788217e-03
3.048378126000000243e+00 1.972753222798353818e-03
3.049729357000000363e+00 2.123377142855928119e-03
3.051080589000000121e+00 2.285622907924929857e-03
3.052431819999999796e+00 2.462578019286002472e-03
3.053783050999999915e+00 2.655083379218806019e-03
3.055134282999999673e+00 2.863949135375273673e-03
3.056485513999999792e+00 3.092184856156989913e-03
3.057836745999999994e+00 3.340687215088706131e-03
3.059187977000000114e+00 3.610908487947413290e-03
3.060539208999999872e+00 3.906199136121435694e-03
3.061890439999999991e+00 4.228409546378613174e-03
3.063241671000000110e+00 4.579363013670407177e-03
3.064592903000000312e+00 4.963130287086388141e-03
3.065944133999999988e+00 5.381543097709569519e-03
3.067295365999999746e+00 5.838183880103388866e-03
3.068646596999999865e+00 6.338100790162745288e-03
3.069997829000000067e+00 6.884635405779419674e-03
3.071349060000000186e+00 7.482019721998005996e-03
3.072700291999999944e+00 8.136522701527613977e-03
3.074051523000000063e+00 8.852762358461231315e-03
3.075402754000000183e+00 9.636742424377352928e-03
3.076753986000000385e+00 1.049446588109688092e-02
3.078105216999999616e+00 1.143460036031514540e-02
3.079456448999999818e+00 1.246277877466469598e-02
3.080807679999999937e+00 1.358825922765482912e-02
3.082158911999999695e+00 1.482166187242981402e-02
3.083510142999999815e+00 1.616908808811378523e-02
3.084861373999999934e+00 1.764282106425419175e-02
3.086212606000000136e+00 1.925822758930021555e-02
3.087563837000000255e+00 2.101964122371936805e-02
3.088915069000000013e+00 2.294248879627833887e-02
3.090266299999999688e+00 2.504738002868688376e-02
3.091617532000000335e+00 2.733777627094295670e-02
3.092968763000000010e+00 2.983437113057773801e-02
3.094319994999999768e+00 3.256260088426683047e-02
3.095671225999999887e+00 3.552053491493649406e-02
3.097022457000000006e+00 3.874782070533682593e-02
3.098373689000000208e+00 4.223997359901123655e-02
3.099724920000000328e+00 4.602699342354914236e-02
3.101076152000000086e+00 5.014545881536987965e-02
3.102427383000000205e+00 5.457947270189678762e-02
3.103778614999999963e+00 5.936559379647619178e-02
3.105129845999999638e+00 6.454979731821920697e-02
3.106481077999999840e+00 7.010116240084125760e-02
3.107832308999999960e+00 7.606146714287340127e-02
3.109183540000000079e+00 8.247882775897340257e-02
3.110534771999999837e+00 8.930543852699714125e-02
3.111886002999999956e+00 9.658573832964822969e-02
3.113237235000000158e+00 1.043700876472530847e-01
3.114588466000000277e+00 1.125827262426061098e-01
3.115939698000000035e+00 1.212598164939034384e-01
3.117290928999999711e+00 1.304553648842201041e-01
3.118642159999999830e+00 1.400508282572758834e-01
3.119993392000000032e+00 1.500866241966189452e-01
3.121344623000000151e+00 1.606011238026035792e-01
3.122695854999999909e+00 1.714460326940348833e-01
3.124047086000000029e+00 1.827139663288324944e-01
3.125398318000000231e+00 1.942297145629615085e-01
3.126749548999999906e+00 2.060200757686644069e-01
3.128100781000000108e+00 2.181011155888437636e-01
3.129452012000000227e+00 2.302851471781795500e-01
3.130803242999999902e+00 2.425713870271840600e-01
3.132154474999999660e+00 2.549881211496149991e-01
3.133505705999999780e+00 2.673197965619852901e-01
3.134856937999999982e+00 2.795773076461855466e-01
3.136208169000000101e+00 2.917905518267378540e-01
3.137559400999999859e+00 3.037148675675386822e-01
3.138910631999999978e+00 3.153864661231647326e-01
3.140261863000000098e+00 3.268108284914859052e-01
3.141613095000000300e+00 3.377929906539854921e-01
3.142964325999999975e+00 3.483449997844620394e-01
3.144315557999999733e+00 3.584815627117363679e-01
3.145666788999999852e+00 3.680241654366886994e-01
3.147018021000000054e+00 3.770614649562818999e-01
3.148369252000000174e+00 3.854517901169337013e-01
3.149720483999999932e+00 3.932365184153500670e-01
3.151071715000000051e+00 4.004554839112959841e-01
3.152422946000000170e+00 4.070016198057543888e-01
3.153774177999999928e+00 4.129328961223733274e-01
3.155125409000000047e+00 4.183280948075914218e-01
3.156476641000000249e+00 4.231055679160938832e-01
3.157827871999999925e+00 4.273505206116374744e-01
3.159179103999999683e+00 4.311344435692702759e-01
3.160530334999999802e+00 4.344122093174288546e-01
3.161881565999999921e+00 4.372718439573298754e-01
3.163232798000000123e+00 4.397734920338081666e-01
3.164584029000000243e+00 4.419096779648589157e-01
3.165935261000000001e+00 4.437432761868738140e-01
3.167286492000000120e+00 4.453371514886984017e-01
3.168637724000000322e+00 4.466807229765028531e-01
3.169988954999999997e+00 4.478266096355463799e-01
3.171340186999999755e+00 4.488229554684670664e-01
3.172691417999999874e+00 4.496674949638472252e-01
3.174042648999999994e+00 4.504047889892897616e-01
3.175393880999999752e+00 4.510428681927032835e-01
3.176745111999999871e+00 4.516046034605656900e-01
3.178096344000000073e+00 4.521155197216026322e-01
3.179447575000000192e+00 4.525759077460290158e-01
3.180798806999999950e+00 4.530007646627284279e-01
3.182150038000000070e+00 4.533987371532773869e-01
3.183501270000000272e+00 4.537746384581597958e-01
3.184852500999999947e+00 4.541352977215972753e-01
3.186203732000000066e+00 4.544926428777358307e-01
3.187554963999999824e+00 4.548428606960201459e-01
3.188906194999999943e+00 4.551867628562210610e-01
3.190257427000000146e+00 4.555285476667038647e-01
3.191608658000000265e+00 4.558718015532614576e-01
3.192959890000000023e+00 4.562169940129039425e-01
3.194311121000000142e+00 4.565653901633105471e-01
3.195662351999999817e+00 4.569092501545570784e-01
3.197013584000000019e+00 4.572518032511271868e-01
3.198364814999999695e+00 4.575889539655443872e-01
3.199716046999999897e+00 4.579225817213438132e-01
3.201067278000000016e+00 4.582679253251307205e-01
3.202418509999999774e+00 4.586035938991835370e-01
3.203769740999999893e+00 4.589349266026415686e-01
3.205120973000000095e+00 4.592603351139133983e-01
3.206472204000000215e+00 4.595789251555151833e-01
3.207823434999999890e+00 4.598863661567980099e-01
3.209174667000000092e+00 4.601881823438420671e-01
3.210525897999999767e+00 4.604764682313882140e-01
3.211877129999999969e+00 4.607565127042483333e-01
3.213228361000000088e+00 4.610285825224408884e-01
3.214579592999999846e+00 4.612992487193856572e-01
3.215930823999999966e+00 4.615647638168418609e-01
3.217282055000000085e+00 4.618232463231484175e-01
3.218633287000000287e+00 4.620929751449806555e-01
3.219984518000000406e+00 4.623640169654293919e-01
3.221335750000000164e+00 4.626193315118118932e-01
3.222686980999999840e+00 4.628826627406121830e-01
3.224038212999999597e+00 4.631310997757328574e-01
3.225389443999999717e+00 4.633983684633009581e-01
3.226740675999999919e+00 4.636733764951188053e-01
3.228091907000000038e+00 4.639206256682343876e-01
3.229443138000000157e+00 4.641959093689999039e-01
3.230794369999999915e+00 4.644783046655114878e-01
3.232145601000000035e+00 4.647393073801667218e-01
3.233496833000000237e+00 4.650372689087319267e-01
3.234848063999999912e+00 4.653423206376787746e-01
3.236199295999999670e+00 4.656069396326369958e-01
3.237550526999999789e+00 4.659176174357620992e-01
3.238901758999999991e+00 4.662358464530317326e-01
3.240252990000000111e+00 4.665082819070211495e-01
3.241604221000000230e+00 4.668344780188688481e-01
3.242955452999999988e+00 4.671609730012176165e-01
3.244306684000000107e+00 4.674343878763199123e-01
3.245657916000000309e+00 4.677595387917778957e-01
3.247009147000000429e+00 4.680237570827404658e-01
3.248360379000000187e+00 4.683422932187984999e-01
3.249711609999999862e+00 4.686625931615170382e-01
3.251062840999999981e+00 4.689086103079561085e-01
3.252414072999999739e+00 4.692185233362178298e-01
3.253765303999999858e+00 4.695250876520861150e-01
3.255116536000000060e+00 4.697612380366735785e-01
3.256467767000000180e+00 4.700703647815825392e-01
3.257818998999999938e+00 4.703788907977324851e-01
3.259170230000000057e+00 4.706174667814519985e-01
3.260521462000000259e+00 4.709168721955682702e-01
3.261872692999999934e+00 4.712063853070586616e-01
3.263223924000000054e+00 4.714178093557487847e-01
3.264575155999999811e+00 4.717025185440579804e-01
3.265926386999999931e+00 4.719799791803385158e-01
3.267277619000000133e+00 4.721908772339175608e-01
3.268628850000000252e+00 4.724669980219539100e-01
3.269980082000000010e+00 4.727404884786217121e-01
3.271331313000000129e+00 4.729575848092670287e-01
3.272682543999999805e+00 4.732406165532860864e-01
3.274033776000000007e+00 4.734731226069606724e-01
3.275385006999999682e+00 4.737605313049950695e-01
3.276736238999999884e+00 4.740516120980227122e-01
3.278087470000000003e+00 4.742949556394314148e-01
3.279438701999999761e+00 4.745920924066276969e-01
3.280789932999999881e+00 4.748923145978114491e-01
3.282141165000000083e+00 4.751704079458209939e-01
3.283492396000000202e+00 4.754835187210161296e-01
3.284843627000000321e+00 4.758002659844147164e-01
3.286194859000000079e+00 4.761064664340700636e-01
3.287546089999999754e+00 4.764377423251280885e-01
3.288897321999999956e+00 4.767802798728855707e-01
3.290248553000000076e+00 4.771290263163950329e-01
3.291599784999999834e+00 4.774918410774465216e-01
3.292951015999999953e+00 4.778578126411259785e-01
3.294302247000000072e+00 4.782567307773189502e-01
3.295653479000000274e+00 4.786452593211655837e-01
3.297004709999999950e+00 4.790755686511391498e-01
3.298355942000000152e+00 4.794798591673801735e-01
3.299707172999999827e+00 4.798884310521257524e-01
3.301058405000000029e+00 4.803502913799563845e-01
3.302409635999999704e+00 4.807617104683445386e-01
3.303760867999999906e+00 4.811815084896035599e-01
3.305112099000000025e+00 4.816757333953375908e-01
3.306463330000000145e+00 4.821100759935590951e-01
3.307814561999999903e+00 4.825494206668513031e-01
3.309165793000000022e+00 4.830926593098635591e-01
3.310517025000000224e+00 4.835508890241611013e-01
3.311868256000000343e+00 4.840133767811026777e-01
3.313219488000000101e+00 4.845960474273184326e-01
3.314570718999999777e+00 4.850703749588862745e-01
3.315921950999999979e+00 4.855480715566691252e-01
3.317273182000000098e+00 4.861502805806242056e-01
3.318624413000000217e+00 4.866250634108542084e-01
3.319975644999999975e+00 4.870930186195073786e-01
3.321326876000000095e+00 4.877234434855244327e-01
3.322678107999999852e+00 4.882060339285958506e-01
3.324029338999999972e+00 4.888404304313991311e-01
3.325380571000000174e+00 4.893158808824283890e-01
3.326731801999999849e+00 4.897824963969432677e-01
3.328083032999999968e+00 4.904188169973864864e-01
3.329434264999999726e+00 4.908795681584950943e-01
3.330785495999999846e+00 4.913326549316751612e-01
3.332136728000000048e+00 4.919280105196865427e-01
3.333487959000000167e+00 4.923502963580637104e-01
3.334839190999999925e+00 4.927661124894316402e-01
3.336190422000000044e+00 4.933516822811411795e-01
3.337541654000000246e+00 4.937602386395484877e-01
3.338892885000000366e+00 4.941585247797413150e-01
3.340244116000000041e+00 4.947355518073937031e-01
3.341595347999999799e+00 4.951218884105526574e-01
3.342946578999999918e+00 4.955041477051979060e-01
3.344297811000000120e+00 4.960656052542000150e-01
3.345649041999999795e+00 4.964360211079021923e-01
3.347000273999999997e+00 4.969868044494007986e-01
3.348351505000000117e+00 4.973430110505664414e-01
3.349702736000000236e+00 4.977007203665666513e-01
3.351053967999999994e+00 4.982423423094051729e-01
3.352405198999999669e+00 4.986001495508159409e-01
3.353756430999999871e+00 4.989523587305976227e-01
3.355107661999999991e+00 4.994804634719223757e-01
3.356458893999999749e+00 4.998277238806146938e-01
3.357810124999999868e+00 5.001727060734360020e-01
3.359161357000000070e+00 5.006928067419024186e-01
3.360512588000000189e+00 5.010286663011842556e-01
3.361863819000000309e+00 5.013625368598139120e-01
3.363215051000000066e+00 5.018601196182954638e-01
3.364566281999999742e+00 5.021920769090212344e-01
3.365917514000000388e+00 5.025271574117103901e-01
3.367268745000000063e+00 5.030171253247817109e-01
3.368619976999999821e+00 5.033539814301700721e-01
3.369971207999999940e+00 5.036918043416909185e-01
3.371322439000000060e+00 5.041825907691716013e-01
3.372673670999999818e+00 5.045276207975837313e-01
3.374024901999999937e+00 5.050131441186767045e-01
3.375376134000000139e+00 5.053641825019654643e-01
3.376727365000000258e+00 5.057164937810438854e-01
3.378078597000000016e+00 5.062015861061930355e-01
3.379429827999999691e+00 5.065622832594376401e-01
3.380781059999999894e+00 5.069308973848967170e-01
3.382132291000000013e+00 5.074149397097601488e-01
3.383483522000000132e+00 5.077889558331724063e-01
3.384834753999999890e+00 5.081676971934863118e-01
3.386185985000000009e+00 5.086480158713051480e-01
3.387537217000000211e+00 5.090316618681587357e-01
3.388888448000000331e+00 5.094118561108775811e-01
3.390239680000000089e+00 5.098807922060102360e-01
3.391590910999999764e+00 5.102520636461032044e-01
3.392942143000000410e+00 5.106171743985208344e-01
3.394293373999999641e+00 5.110569787972298883e-01
3.395644604999999761e+00 5.114053399901518082e-01
3.396995836999999963e+00 5.117500768724124738e-01
3.398347068000000082e+00 5.121543870383393759e-01
3.399698299999999840e+00 5.124803415458542011e-01
3.401049530999999959e+00 5.128677139080257685e-01
3.402400763000000161e+00 5.131823436662741322e-01
3.403751994000000280e+00 5.134936509489759215e-01
3.405103224999999956e+00 5.138559519029692879e-01
3.406454456999999714e+00 5.141571254030904425e-01
3.407805687999999833e+00 5.144504832734654309e-01
3.409156920000000035e+00 5.147917339144848503e-01
3.410508151000000154e+00 5.150714424593759722e-01
3.411859382999999912e+00 5.153397797346898068e-01
3.413210614000000032e+00 5.156545513844283946e-01
3.414561846000000234e+00 5.159086817585295526e-01
3.415913077000000353e+00 5.161588984234782851e-01
3.417264307999999584e+00 5.164517473957771498e-01
3.418615539999999786e+00 5.166891117149980950e-01
3.419966770999999905e+00 5.169227391664201754e-01
3.421318002999999663e+00 5.171857632590164400e-01
3.422669233999999783e+00 5.173976103914849078e-01
3.424020465999999985e+00 5.176532115651923949e-01
3.425371697000000104e+00 5.178567323602983885e-01
3.426722928000000223e+00 5.180599052941228244e-01
3.428074159999999981e+00 5.183146880947721025e-01
3.429425391000000101e+00 5.185206601640436341e-01
3.430776623000000303e+00 5.187351151738538446e-01
3.432127853999999978e+00 5.190107322267023537e-01
3.433479085999999736e+00 5.192195221347731815e-01
3.434830316999999855e+00 5.194189398869527574e-01
3.436181549000000057e+00 5.196748762799542343e-01
3.437532780000000177e+00 5.198600209847644704e-01
3.438884011000000296e+00 5.200403402077178328e-01
3.440235243000000054e+00 5.202791847800928293e-01
3.441586474000000173e+00 5.204474034538011384e-01
3.442937706000000375e+00 5.206187636052567180e-01
3.444288936999999606e+00 5.208648742904095075e-01
3.445640168999999808e+00 5.210475631854810663e-01
3.446991399999999928e+00 5.212315679466014151e-01
3.448342631000000047e+00 5.214966748534410890e-01
3.449693862999999805e+00 5.216855806690589015e-01
3.451045093999999924e+00 5.219592996748286806e-01
3.452396326000000126e+00 5.221574723609379021e-01
3.453747557000000246e+00 5.223571874510443136e-01
3.455098789000000004e+00 5.226512595955619123e-01
3.456450020000000123e+00 5.228607568778834702e-01
3.457801252000000325e+00 5.230715673696386681e-01
3.459152483000000000e+00 5.233813950554024874e-01
3.460503714000000119e+00 5.235948613014069775e-01
3.461854945999999877e+00 5.238053387411186756e-01
3.463206176999999997e+00 5.241157107743351640e-01
3.464557409000000199e+00 5.243309823331038233e-01
3.465908640000000318e+00 5.245496656344150743e-01
3.467259872000000076e+00 5.248694766120796107e-01
3.468611103000000195e+00 5.250919376832435814e-01
3.469962334999999953e+00 5.253147985190428360e-01
3.471313565999999629e+00 5.256563280250117209e-01
3.472664796999999748e+00 5.258974019919321341e-01
3.474016028999999950e+00 5.262443178015170364e-01
3.475367260000000069e+00 5.264918697303778705e-01
3.476718491999999827e+00 5.267427260462044236e-01
3.478069722999999946e+00 5.271022918118591916e-01
3.479420955000000149e+00 5.273595794395244951e-01
3.480772186000000268e+00 5.276114514472156625e-01
3.482123416999999943e+00 5.279676594788509369e-01
3.483474649000000145e+00 5.282176883266871403e-01
3.484825879999999820e+00 5.284668079307349720e-01
3.486177112000000022e+00 5.288185422289927162e-01
3.487528343000000142e+00 5.290623049740399431e-01
3.488879574999999900e+00 5.293059986997650235e-01
3.490230806000000019e+00 5.296480037931681206e-01
3.491582038000000221e+00 5.298919941070944217e-01
3.492933268999999896e+00 5.301346873722680986e-01
3.494284500000000016e+00 5.304693211954508714e-01
3.495635732000000218e+00 5.307055841421978171e-01
3.496986962999999893e+00 5.309373930761536187e-01
3.498338194999999651e+00 5.312583257384578816e-01
3.499689425999999770e+00 5.314881770391497451e-01
3.501040657999999972e+00 5.317976861730511207e-01
3.502391889000000091e+00 5.320170923063637369e-01
3.503743120000000211e+00 5.322335577277164109e-01
3.505094351999999969e+00 5.325312279152747408e-01
3.506445583000000088e+00 5.327417784223287267e-01
3.507796815000000290e+00 5.329495074539725152e-01
3.509148045999999965e+00 5.332364315231160612e-01
3.510499277999999723e+00 5.334478491080277829e-01
3.511850508999999843e+00 5.336595626092793809e-01
3.513201741000000045e+00 5.339365845716498304e-01
3.514552972000000164e+00 5.341333646034073235e-01
3.515904202999999839e+00 5.343270979810468280e-01
3.517255435000000041e+00 5.345803343125214990e-01
3.518606666000000160e+00 5.347674934328859875e-01
3.519957897999999918e+00 5.349490233570881603e-01
3.521309129000000038e+00 5.351672585924837078e-01
3.522660361000000240e+00 5.353208756303152738e-01
3.524011591999999915e+00 5.355215326249559427e-01
3.525362823999999673e+00 5.356735919962662962e-01
3.526714054999999792e+00 5.358288756615353643e-01
3.528065285999999912e+00 5.360247868392430393e-01
3.529416518000000114e+00 5.361772919228482426e-01
3.530767749000000233e+00 5.363340931250589749e-01
3.532118980999999991e+00 5.365619944374829808e-01
3.533470212000000110e+00 5.367389011285914613e-01
3.534821444000000312e+00 5.369155606824248528e-01
3.536172674999999987e+00 5.371400143778465308e-01
3.537523906000000107e+00 5.373180847945677741e-01
3.538875137999999865e+00 5.374957392329476891e-01
3.540226368999999984e+00 5.377144753526686971e-01
3.541577600999999742e+00 5.378776590856073625e-01
3.542928831999999861e+00 5.380431388675191995e-01
3.544280064000000063e+00 5.382512190108744710e-01
3.545631295000000183e+00 5.384228894442895097e-01
3.546982526999999941e+00 5.385980369291245573e-01
3.548333758000000060e+00 5.388113450831917284e-01
3.549684988999999735e+00 5.389891572907753448e-01
3.551036220999999937e+00 5.392193424524521772e-01
3.552387452000000057e+00 5.394220766316228932e-01
3.553738683999999814e+00 5.396295279595810790e-01
3.555089914999999934e+00 5.398744933503959453e-01
3.556441147000000136e+00 5.400880473288514061e-01
3.557792378000000255e+00 5.403065864350748981e-01
3.559143609000000374e+00 5.405622356665383821e-01
3.560494841000000132e+00 5.407881289911563583e-01
3.561846071999999808e+00 5.410168815121181307e-01
3.563197304000000010e+00 5.412816691823000292e-01
3.564548534999999685e+00 5.415146696232958634e-01
3.565899766999999887e+00 5.417507971746226003e-01
3.567250998000000006e+00 5.420273287220706004e-01
3.568602229999999764e+00 5.422715178909964795e-01
3.569953460999999884e+00 5.425187437212496411e-01
3.571304692000000003e+00 5.428080630196920886e-01
3.572655924000000205e+00 5.430604571248474066e-01
3.574007154999999880e+00 5.433554377528309054e-01
3.575358387000000082e+00 5.436109320426520952e-01
3.576709617999999757e+00 5.438673825161080000e-01
3.578060849999999959e+00 5.441696512310708611e-01
3.579412081000000079e+00 5.444274171298917331e-01
3.580763312000000198e+00 5.446886385985029166e-01
3.582114543999999956e+00 5.450031077417074599e-01
3.583465775000000075e+00 5.452696077697900545e-01
3.584817007000000277e+00 5.455374680352274019e-01
3.586168238000000397e+00 5.458591982082706684e-01
3.587519470000000155e+00 5.461258027787736502e-01
3.588870700999999830e+00 5.463905984541717054e-01
3.590221932999999588e+00 5.467133322165041998e-01
3.591573163999999707e+00 5.469777964045074992e-01
3.592924394999999826e+00 5.472419889638516777e-01
3.594275627000000028e+00 5.475681478988945194e-01
3.595626858000000148e+00 5.478321555745705451e-01
3.596978089999999906e+00 5.480962984730820553e-01
3.598329321000000025e+00 5.484281421513398369e-01
3.599680553000000227e+00 5.486965008683115652e-01
3.601031783999999902e+00 5.490050766012182226e-01
3.602383016000000104e+00 5.492432551723563927e-01
3.603734246999999780e+00 5.494802243279253151e-01
3.605085477999999899e+00 5.497631798077090570e-01
3.606436710000000101e+00 5.499997981623564458e-01
3.607787941000000220e+00 5.502366700808333233e-01
3.609139172999999978e+00 5.505225630075012422e-01
3.610490404000000098e+00 5.507617016897035089e-01
3.611841636000000300e+00 5.510055110023134306e-01
3.613192867000000419e+00 5.513001005082257544e-01
3.614544097999999650e+00 5.515433159163144472e-01
3.615895329999999852e+00 5.517860403191340302e-01
3.617246560999999971e+00 5.520816341575198738e-01
3.618597792999999729e+00 5.523241873307487282e-01
3.619949023999999849e+00 5.525659940386575819e-01
3.621300256000000051e+00 5.528507421615563855e-01
3.622651487000000170e+00 5.530837510109831712e-01
3.624002718999999928e+00 5.533717337010490844e-01
3.625353950000000047e+00 5.536065045161516762e-01
3.626705180999999723e+00 5.538419009254292869e-01
3.628056412999999925e+00 5.541296456028562689e-01
3.629407644000000044e+00 5.543630037595265181e-01
3.630758875999999802e+00 5.545976285844927967e-01
3.632110106999999921e+00 5.548849503334903899e-01
3.633461339000000123e+00 5.551186129991717566e-01
3.634812570000000242e+00 5.553522665681500659e-01
3.636163801000000362e+00 5.556395417237569578e-01
3.637515033000000120e+00 5.558761854575440253e-01
3.638866263999999795e+00 5.561136305111187284e-01
3.640217495999999997e+00 5.564008485275069305e-01
3.641568726999999672e+00 5.566350715577730313e-01
3.642919958999999874e+00 5.568691533535384819e-01
3.644271189999999994e+00 5.571498868071761423e-01
3.645622421999999752e+00 5.573825069689251066e-01
3.646973652999999871e+00 5.576136372830079457e-01
3.648324883999999990e+00 5.578888476246157690e-01
3.649676116000000192e+00 5.581200030261709299e-01
3.651027347000000312e+00 5.583941854093554813e-01
3.652378579000000069e+00 5.586245255427626510e-01
3.653729809999999745e+00 5.588540917814559528e-01
3.655081041999999947e+00 5.591202251309075333e-01
3.656432273000000066e+00 5.593447743767908653e-01
3.657783504000000185e+00 5.595686289103194433e-01
3.659134735999999943e+00 5.598242208617154603e-01
3.660485967000000063e+00 5.600396212304703525e-01
3.661837199000000265e+00 5.602530373545330233e-01
3.663188429999999940e+00 5.604974266655060600e-01
3.664539662000000142e+00 5.607077568197887940e-01
3.665890892999999817e+00 5.609159284152559488e-01
3.667242125000000019e+00 5.611501511287354527e-01
3.668593355999999694e+00 5.613516550439509034e-01
3.669944586999999814e+00 5.615496840424119007e-01
3.671295819000000016e+00 5.617725870420832157e-01
3.672647050000000135e+00 5.619650561318915161e-01
3.673998281999999893e+00 5.621534423100151834e-01
3.675349513000000012e+00 5.623632165880732003e-01
3.676700745000000214e+00 5.625455148847019471e-01
3.678051976000000334e+00 5.627473377300298285e-01
3.679403208000000092e+00 5.629255332270134415e-01
3.680754438999999767e+00 5.630988463980003411e-01
3.682105669999999886e+00 5.632892742309513201e-01
3.683456902000000088e+00 5.634583758806640530e-01
3.684808133000000208e+00 5.636238256923675749e-01
3.686159364999999966e+00 5.638052571048868256e-01
3.687510596000000085e+00 5.639662259349687012e-01
3.688861827999999843e+00 5.641249216556227797e-01
3.690213058999999962e+00 5.643020495578767726e-01
3.691564289999999637e+00 5.644625477616065368e-01
3.692915521999999839e+00 5.646207806033933796e-01
3.694266752999999959e+00 5.647960076058547996e-01
3.695617984999999717e+00 5.649532466281484977e-01
3.696969215999999836e+00 5.651094107824864432e-01
3.698320448000000038e+00 5.652841616715855722e-01
3.699671679000000157e+00 5.654390012746030036e-01
3.701022910999999915e+00 5.656123145023357335e-01
3.702374142000000035e+00 5.657668155830042345e-01
3.703725373000000154e+00 5.659210747402241282e-01
3.705076605000000356e+00 5.660965133687927420e-01
3.706427836000000031e+00 5.662543926837614316e-01
3.707779067999999789e+00 5.664124512957954272e-01
3.709130298999999908e+00 5.665923979376515929e-01
3.710481531000000111e+00 5.667511394977652328e-01
3.711832761999999786e+00 5.669073809290988697e-01
3.713183992999999905e+00 5.670879256883246677e-01
3.714535225000000107e+00 5.672453003315903741e-01
3.715886456000000226e+00 5.674002757291961574e-01
3.717237687999999984e+00 5.675802427255819405e-01
3.718588918999999660e+00 5.677357484151880351e-01
3.719940150999999862e+00 5.678915181252508493e-01
3.721291381999999981e+00 5.680780950036052879e-01
3.722642613999999739e+00 5.682381840466069756e-01
3.723993844999999858e+00 5.683978363253648913e-01
3.725345075999999978e+00 5.685877728315947843e-01
3.726696308000000180e+00 5.687479414677076850e-01
3.728047539000000299e+00 5.689386599873416106e-01
3.729398771000000057e+00 5.690981665691009495e-01
3.730750002000000176e+00 5.692579034405903515e-01
3.732101234000000378e+00 5.694522948797278161e-01
3.733452465000000053e+00 5.696127511829278678e-01
3.734803695999999729e+00 5.697698512859670217e-01
3.736154927999999931e+00 5.699607655340623857e-01
3.737506159000000050e+00 5.701136919515232826e-01
3.738857390999999808e+00 5.702607674901226664e-01
3.740208621999999927e+00 5.704402088447387831e-01
3.741559854000000129e+00 5.705742666816080444e-01
3.742911085000000249e+00 5.707008973535436791e-01
3.744262317000000007e+00 5.708605862498407069e-01
3.745613547999999682e+00 5.709750105090362071e-01
3.746964778999999801e+00 5.710820593107632792e-01
3.748316011000000003e+00 5.712238807285292541e-01
3.749667242000000122e+00 5.713199853234371961e-01
3.751018473999999880e+00 5.714483350363704917e-01
3.752369705000000000e+00 5.715301773170059496e-01
3.753720937000000202e+00 5.716035252844299253e-01
3.755072168000000321e+00 5.717087373082869739e-01
3.756423400000000079e+00 5.717657243960153624e-01
3.757774631000000198e+00 5.718129815761110457e-01
3.759125861999999874e+00 5.718910149793762221e-01
3.760477093999999632e+00 5.719211568594178008e-01
3.761828324999999751e+00 5.719425328517451224e-01
3.763179556999999953e+00 5.719950170159067149e-01
3.764530788000000072e+00 5.720021348768188352e-01
3.765882019999999830e+00 5.720015431280739415e-01
3.767233250999999949e+00 5.720320976472103025e-01
3.768584482000000069e+00 5.720192212943491228e-01
3.769935714000000271e+00 5.719981051623347357e-01
3.771286944999999946e+00 5.719974822736454412e-01
3.772638176999999704e+00 5.719542192285625992e-01
3.773989407999999823e+00 5.719027513667442886e-01
3.775340640000000025e+00 5.718778403567805757e-01
3.776691871000000145e+00 5.718158058689436496e-01
3.778043102999999903e+00 5.717791976509944973e-01
3.779394334000000022e+00 5.717098083326089819e-01
3.780745565000000141e+00 5.716450620952888695e-01
3.782096797000000343e+00 5.716086812717656729e-01
3.783448027999999574e+00 5.715458937033850439e-01
3.784799259999999776e+00 5.714839551371311277e-01
3.786150490999999896e+00 5.714428642410477321e-01
3.787501722999999654e+00 5.713801738098021055e-01
3.788852953999999773e+00 5.713182778047337651e-01
3.790204184999999892e+00 5.712734752064656529e-01
3.791555417000000094e+00 5.712143651694500113e-01
3.792906648000000214e+00 5.711614412886062420e-01
3.794257879999999972e+00 5.711264511174901637e-01
3.795609111000000091e+00 5.710880001689293550e-01
3.796960343000000293e+00 5.710572845425458954e-01
3.798311573999999968e+00 5.710393581980067745e-01
3.799662805999999726e+00 5.710238811657243341e-01
3.801014036999999846e+00 5.710237778267236441e-01
3.802365267999999965e+00 5.710291595035712486e-01
3.803716500000000167e+00 5.710460097500429377e-01
3.805067731000000286e+00 5.710695868522865926e-01
3.806418963000000044e+00 5.711049876322704666e-01
3.807770194000000163e+00 5.711558131471868860e-01
3.809121426000000366e+00 5.712130001179632766e-01
3.810472656999999597e+00 5.712887851984563836e-01
3.811823888999999799e+00 5.713755882334495828e-01
3.813175119999999918e+00 5.714614894925187372e-01
3.814526351000000037e+00 5.715728145185464681e-01
3.815877582999999795e+00 5.716984779946029382e-01
3.817228813999999915e+00 5.718152405990696296e-01
3.818580046000000117e+00 5.719593889037872803e-01
3.819931277000000236e+00 5.721148857735088855e-01
3.821282508999999994e+00 5.722647961833283725e-01
3.822633740000000113e+00 5.724497769115920454e-01
3.823984970999999788e+00 5.726478508967982606e-01
3.825336202999999990e+00 5.728267444606921499e-01
3.826687434000000110e+00 5.730428202263206927e-01
3.828038665999999868e+00 5.732360698403345944e-01
3.829389896999999987e+00 5.734672214383099709e-01
3.830741129000000189e+00 5.737008082958230393e-01
3.832092360000000308e+00 5.739011488256526849e-01
3.833443592000000066e+00 5.741375336856976430e-01
3.834794823000000186e+00 5.743722538641454767e-01
3.836146053999999861e+00 5.745661005373594588e-01
3.837497285999999619e+00 5.747955018186571285e-01
3.838848516999999738e+00 5.750208081688609196e-01
3.840199748999999940e+00 5.752001126301444778e-01
3.841550980000000060e+00 5.754103745103201772e-01
3.842902211999999817e+00 5.756094560678711725e-01
3.844253442999999937e+00 5.757541170107232098e-01
3.845604674000000056e+00 5.759300762978277755e-01
3.846955906000000258e+00 5.760899538494475003e-01
3.848307136999999933e+00 5.761907872880566162e-01
3.849658369000000135e+00 5.763153489951302610e-01
3.851009599999999811e+00 5.763680282215485340e-01
3.852360832000000013e+00 5.764441560414621524e-01
3.853712063000000132e+00 5.764988637272532301e-01
3.855063294999999890e+00 5.764846849974608611e-01
3.856414526000000009e+00 5.764919365836551624e-01
3.857765757000000129e+00 5.764721767025883237e-01
3.859116988999999887e+00 5.763789089762897389e-01
3.860468220000000006e+00 5.763037107009296722e-01
3.861819452000000208e+00 5.762021672401819172e-01
3.863170682999999883e+00 5.760251055759223471e-01
3.864521914999999641e+00 5.758590111168848669e-01
3.865873145999999760e+00 5.756610635779086937e-01
3.867224376999999880e+00 5.753895524998134947e-01
3.868575609000000082e+00 5.751284929457710637e-01
3.869926840000000201e+00 5.748387562497503378e-01
3.871278071999999959e+00 5.744679626708802944e-01
3.872629303000000078e+00 5.741055668144126045e-01
3.873980535000000280e+00 5.737139416274110726e-01
3.875331765999999956e+00 5.732563799057142084e-01
3.876682998000000158e+00 5.728024394702332378e-01
3.878034228999999833e+00 5.722906435320199714e-01
3.879385459999999952e+00 5.717803112713856217e-01
3.880736692000000154e+00 5.712524543357815343e-01
3.882087922999999829e+00 5.706827106990995935e-01
3.883439155000000031e+00 5.701160124845724431e-01
3.884790386000000151e+00 5.695302174393954697e-01
3.886141617999999909e+00 5.689088862365918597e-01
3.887492849000000028e+00 5.682932348971024838e-01
3.888844081000000230e+00 5.676626321806510500e-01
3.890195311999999905e+00 5.670036610008538647e-01
3.891546543000000025e+00 5.663416277022141898e-01
3.892897774999999783e+00 5.656670769039393587e-01
3.894249005999999902e+00 5.649741244711208310e-01
3.895600238000000104e+00 5.642822518048666858e-01
3.896951469000000223e+00 5.635804693466779369e-01
3.898302700999999981e+00 5.628681003086191126e-01
3.899653932000000101e+00 5.621556666327991447e-01
3.901005162999999776e+00 5.614307591514579032e-01
3.902356394999999978e+00 5.607024072170241347e-01
3.903707626000000097e+00 5.599695695990214439e-01
3.905058857999999855e+00 5.592334714836032505e-01
3.906410088999999974e+00 5.584870105927761674e-01
3.907761320999999732e+00 5.577322138780568261e-01
3.909112551999999852e+00 5.569731745036989867e-01
3.910463784000000054e+00 5.561956801333021172e-01
3.911815015000000173e+00 5.554105334480143874e-01
3.913166245999999848e+00 5.546155241258817759e-01
3.914517478000000050e+00 5.537800255496971857e-01
3.915868708999999726e+00 5.529135500803084025e-01
3.917219940999999928e+00 5.520279167047232871e-01
3.918571172000000047e+00 5.510797793289262669e-01
3.919922403999999805e+00 5.500813195301486047e-01
3.921273634999999924e+00 5.490481609389926687e-01
3.922624866000000043e+00 5.479207565635544341e-01
3.923976098000000245e+00 5.467139030338121763e-01
3.925327329000000365e+00 5.454426668436683778e-01
3.926678561000000123e+00 5.440410075885541152e-01
3.928029791999999798e+00 5.425544422895507424e-01
3.929381024000000000e+00 5.409070710233545576e-01
3.930732254999999675e+00 5.391085409693974206e-01
3.932083486999999877e+00 5.371803691804559744e-01
3.933434717999999997e+00 5.350465159350383804e-01
3.934785949000000116e+00 5.327228288774632503e-01
3.936137180999999874e+00 5.302309700788477853e-01
3.937488411999999993e+00 5.274854977086675945e-01
3.938839644000000195e+00 5.245039328415569413e-01
3.940190874999999870e+00 5.213119505693433187e-01
3.941542107000000073e+00 5.178235272712375936e-01
3.942893337999999748e+00 5.140508841308418786e-01
3.944244568999999867e+00 5.100192220867628690e-01
3.945595801000000069e+00 5.056402665458202828e-01
3.946947032000000188e+00 5.009391815793513558e-01
3.948298263999999946e+00 4.959451331407873642e-01
3.949649495000000066e+00 4.905744610350875057e-01
3.951000727000000268e+00 4.848876855013819487e-01
3.952351958000000387e+00 4.788086860878994488e-01
3.953703190000000145e+00 4.723858542496853219e-01
3.955054420999999820e+00 4.656543353574361666e-01
3.956405651999999940e+00 4.585358622859060929e-01
3.957756883999999697e+00 4.510753036479371869e-01
3.959108114999999817e+00 4.433165242009948770e-01
3.960459347000000019e+00 4.351978080509898983e-01
3.961810578000000138e+00 4.267717327927845195e-01
3.963161809999999896e+00 4.180848412814995863e-01
3.964513041000000015e+00 4.090845299044079675e-01
3.965864273000000217e+00 3.998287386232439733e-01
3.967215503999999893e+00 3.903746804567391759e-01
3.968566735000000012e+00 3.806738777969348453e-01
3.969917966999999770e+00 3.707844130108892688e-01
3.971269197999999889e+00 3.607717185972909579e-01
3.972620430000000091e+00 3.505934774363990702e-01
3.973971661000000211e+00 3.403063165896975661e-01
3.975322892999999969e+00 3.299643789252104664e-01
3.976674124000000088e+00 3.195422222809847779e-01
3.978025355000000207e+00 3.091201752827975602e-01
3.979376587000000409e+00 2.986801133514767614e-01
3.980727817999999640e+00 2.882656554929786119e-01
3.982079049999999842e+00 2.779242011419801872e-01
3.983430280999999962e+00 2.676407585500392150e-01
3.984781512999999720e+00 2.574613562138279299e-01
3.986132743999999839e+00 2.474262600413514590e-01
3.987483976000000041e+00 2.375178577765375831e-01
3.988835207000000160e+00 2.277751015653589339e-01
3.990186438000000280e+00 2.182333738991115712e-01
3.991537670000000038e+00 2.088756758517603118e-01
3.992888900999999713e+00 1.997334078002764579e-01
3.994240132999999915e+00 1.908319603091385985e-01
3.995591364000000034e+00 1.821539504913738117e-01
3.996942595999999792e+00 1.737230753556565088e-01
3.998293826999999911e+00 1.655582945504068260e-01
3.999645058000000031e+00 1.576407280852846482e-01
4.000996289999999789e+00 1.499892238019740198e-01
4.002347520999999908e+00 1.426088703410445802e-01
4.003698753000000110e+00 1.354932753549721036e-01
4.005049984000000229e+00 1.286538176125434363e-01
4.006401216000000431e+00 1.220784540301669829e-01
4.007752446999999663e+00 1.157700348507881422e-01
4.009103678999999865e+00 1.097302440366097337e-01
4.010454909999999984e+00 1.039470620528505779e-01
4.011806141000000103e+00 9.841932024231393739e-02
4.013157373000000305e+00 9.314579775338401035e-02
4.014508604000000425e+00 8.811357416611931281e-02
4.015859835999999738e+00 8.331986062940391347e-02
4.017211066999999858e+00 7.876085925820103251e-02
4.018562299000000060e+00 7.442279130966752976e-02
4.019913530000000179e+00 7.030146042024616737e-02
4.021264761000000298e+00 6.639158511887156833e-02
4.022615992999999612e+00 6.267996599122446777e-02
4.023967223999999732e+00 5.916288723849959241e-02
4.025318455999999934e+00 5.583375465684937283e-02
4.026669687000000053e+00 5.267955658360769233e-02
4.028020919000000255e+00 4.969819605272685764e-02
4.029372150000000374e+00 4.687723297433048220e-02
4.030723381999999688e+00 4.421101701295784836e-02
4.032074612999999808e+00 4.169495388428502702e-02
4.033425843999999927e+00 3.931682713316880795e-02
4.034777076000000129e+00 3.707112965324736026e-02
4.036128307000000248e+00 3.495444337941372437e-02
4.037479538999999562e+00 3.295690471004396327e-02
4.038830769999999681e+00 3.107385218544119615e-02
4.040182001999999883e+00 2.930025495940288133e-02
4.041533233000000003e+00 2.762733720893994702e-02
4.042884465000000205e+00 2.605094247255765327e-02
4.044235696000000324e+00 2.456768343333761914e-02
4.045586926999999555e+00 2.317018229305410279e-02
4.046938158999999757e+00 2.185473417552840497e-02
4.048289389999999877e+00 2.061715025946809707e-02
4.049640622000000079e+00 1.944978713163881406e-02
4.050991853000000198e+00 1.835128811005768551e-02
4.052343085000000400e+00 1.731841372754353015e-02
4.053694315999999631e+00 1.634488381125714582e-02
4.055045546999999750e+00 1.543061141392058737e-02
4.056396778999999952e+00 1.456908277249475796e-02
4.057748010000000072e+00 1.375774162612899282e-02
4.059099241999999386e+00 1.299492762309677370e-02
4.060450472999999505e+00 1.227611738539495859e-02
4.061801704999999707e+00 1.159879686061101971e-02
4.063152935999999826e+00 1.096204809115438814e-02
4.064504168000000028e+00 1.036158292268542745e-02
4.065855399000000148e+00 9.795915636788212963e-03
4.067206630000000267e+00 9.263646780206236803e-03
4.068557862000000469e+00 8.761713124604076156e-03
4.069909093000000588e+00 8.289571842998241444e-03
4.071260324999999902e+00 7.845209152754280268e-03
4.072611556000000022e+00 7.425667754708398585e-03
4.073962788000000224e+00 7.030575318161699956e-03
4.075314019000000343e+00 6.659296673919478694e-03
4.076665249999999574e+00 6.308874645310752656e-03
4.078016481999999776e+00 5.980304127739099335e-03
4.079367712999999895e+00 5.669743220948069394e-03
4.080718945000000097e+00 5.376210227595898047e-03
4.082070176000000217e+00 5.100103753973485136e-03
4.083421408000000419e+00 4.839317572523007399e-03
4.084772638999999650e+00 4.593025535832830075e-03
4.086123870999999852e+00 4.360354074145550256e-03
4.087475101999999971e+00 4.139669936260886862e-03
4.088826333000000091e+00 3.930376197045654281e-03
4.090177565000000293e+00 3.733023292343918848e-03
4.091528796000000412e+00 3.546572533430010239e-03
4.092880027999999726e+00 3.371104107904890086e-03
4.094231258999999845e+00 3.205718063391836681e-03
4.095582491000000047e+00 3.049235361070898407e-03
4.096933722000000166e+00 2.901950594066410143e-03
4.098284953000000286e+00 2.762967424800479369e-03
4.099636185000000488e+00 2.630870684647010523e-03
4.100987415999999719e+00 2.506070548885414983e-03
4.102338647999999921e+00 2.388586806173295923e-03
4.103689878999999152e+00 2.276379490515347340e-03
4.105041110999999354e+00 2.170463687797403313e-03
4.106392342000000362e+00 2.069794388598371598e-03
4.107743573999999676e+00 1.974211268591981143e-03
4.109094804999999795e+00 1.883755212384239730e-03
4.110446035999999914e+00 1.798499074473029801e-03
4.111797268000000116e+00 1.717999351808204749e-03
4.113148499000000236e+00 1.641495236767927289e-03
4.114499730999999549e+00 1.568693198211934406e-03
4.115850962000000557e+00 1.499651778370269780e-03
4.117202194000000759e+00 1.434127097929703727e-03
4.118553424999999990e+00 1.371412030069514608e-03
4.119904657000000192e+00 1.312448768712322225e-03
4.121255887999999423e+00 1.256378003851807380e-03
4.122607119000000431e+00 1.202403306893696112e-03
4.123958351000000633e+00 1.150982449619681811e-03
4.125309581999999864e+00 1.102693319139157234e-03
4.126660814000000066e+00 1.056328673290121397e-03
4.128012045000000185e+00 1.012118307636884502e-03
4.129363277000000387e+00 9.700811936958512668e-04
4.130714507999999618e+00 9.300157431059158505e-04
4.132065738999999738e+00 8.920665535028856220e-04
4.133416970999999940e+00 8.563570419403530734e-04
4.134768202000000059e+00 8.229084608657362149e-04
4.136119434000000261e+00 7.907384060920238629e-04
4.137470664999999492e+00 7.598964695924922009e-04
4.138821896999999694e+00 7.308771340890826132e-04
4.140173128000000702e+00 7.033987987927743744e-04
4.141524360000000016e+00 6.759500791724547568e-04
4.142875591000000135e+00 6.491759899125140384e-04
4.144226821999999366e+00 6.235232276839363340e-04
4.145578053999999568e+00 5.991600168096196171e-04
4.146929285000000576e+00 5.762927581845737760e-04
4.148280516999999890e+00 5.551505560363514252e-04
4.149631748000000009e+00 5.349314413558113731e-04
4.150982980000000211e+00 5.154325023174894911e-04
4.152334211000000330e+00 4.976474672869834548e-04
4.153685441999999561e+00 4.811689453102017781e-04
4.155036673999999763e+00 4.648354605302861919e-04
4.156387904999999883e+00 4.479415503966014908e-04
4.157739136999999197e+00 4.316554637746658875e-04
4.159090368000000204e+00 4.162281669413618167e-04
4.160441600000000406e+00 4.015401025024044942e-04
4.161792830999999637e+00 3.873358480611740649e-04
4.163144062999999839e+00 3.740315570909964727e-04
4.164495293999999959e+00 3.609673627695430447e-04
4.165846525000000078e+00 3.486938351520345683e-04
4.167197757000000280e+00 3.376776397627773000e-04
4.168548987999999511e+00 3.276122990220465647e-04
4.169900220000000601e+00 3.176345158931474441e-04
4.171251450999999832e+00 3.078693542040090623e-04
4.172602683000000034e+00 2.987803391872286603e-04
4.173953914000000154e+00 2.898472092858311562e-04
4.175305145999999468e+00 2.808715653615517652e-04
4.176656377000000475e+00 2.725136993065235477e-04
4.178007607999999706e+00 2.649983187230394019e-04
4.179358839999999908e+00 2.573835164879674378e-04
4.180710071000000028e+00 2.497310921741055316e-04
4.182061303000000230e+00 2.422517707720080356e-04
4.183412534000000349e+00 2.351536985234076985e-04
4.184763765999999663e+00 2.282297647791157276e-04
4.186114996999999782e+00 2.220623444931591535e-04
4.187466227999999901e+00 2.162672749389824912e-04
4.188817460000000104e+00 2.104129416913050029e-04
4.190168691000000223e+00 2.042861808289879076e-04
4.191519922999999537e+00 1.987366326124571318e-04
4.192871154000000544e+00 1.937487853995928714e-04
4.194222386000000746e+00 1.888184608252834709e-04
4.195573616999999977e+00 1.838187014106196975e-04
4.196924849000000179e+00 1.792561185091955459e-04
4.198276079999999411e+00 1.747025348697784004e-04
4.199627311000000418e+00 1.699709778785878653e-04
4.200978542999999732e+00 1.655021665641679101e-04
4.202329773999999851e+00 1.614575636647422644e-04
4.203681006000000053e+00 1.574937968491888244e-04
4.205032237000000173e+00 1.537066310437925330e-04
4.206383469000000375e+00 1.505970027642572018e-04
4.207734699999999606e+00 1.478180317794955932e-04
4.209085930999999725e+00 1.451078709366854333e-04
4.210437162999999927e+00 1.427389626642087115e-04
4.211788394000000046e+00 1.410624777536632760e-04
4.213139626000000248e+00 1.394132949375344798e-04
4.214490856999999480e+00 1.374029469227834946e-04
4.215842088999999682e+00 1.350493538972905017e-04
4.217193320000000689e+00 1.328130451607518103e-04
4.218544552000000003e+00 1.304496277118044210e-04
4.219895783000000122e+00 1.282722654179714768e-04
4.221247013999999353e+00 1.262428538558635794e-04
4.222598245999999556e+00 1.240536891441604652e-04
4.223949476999999675e+00 1.213441563615632462e-04
4.225300708999999877e+00 1.186892003191117908e-04
4.226651939999999996e+00 1.164022882372685812e-04
4.228003171999999310e+00 1.142192479965669657e-04
4.229354403000000318e+00 1.121937030763201599e-04
4.230705633999999549e+00 1.105865913828705995e-04
4.232056865999999751e+00 1.092910030766479395e-04
4.233408097000000758e+00 1.077364887755743626e-04
4.234759329000000072e+00 1.060692461838049671e-04
4.236110560000000191e+00 1.048896077283191573e-04
4.237461792000000393e+00 1.038286999888584175e-04
4.238813022999999625e+00 1.020378961721202086e-04
4.240164254999999827e+00 9.918968925401519261e-05
4.241515485999999946e+00 9.621588008786083714e-05
4.242866717000000065e+00 9.336332105085012390e-05
4.244217949000000267e+00 9.120334993099677757e-05
4.245569180000000387e+00 8.991820716912568784e-05
4.246920412000000589e+00 8.903610277776334331e-05
4.248271642999999820e+00 8.798751582149000989e-05
4.249622875000000022e+00 8.704225159680385401e-05
4.250974105999999253e+00 8.655170275101323023e-05
4.252325337999999455e+00 8.594235387165514853e-05
4.253676569000000462e+00 8.456118569974567967e-05
4.255027799999999694e+00 8.250191232992128772e-05
4.256379031999999896e+00 8.009153357583587499e-05
4.257730263000000015e+00 7.749600445681376125e-05
4.259081495000000217e+00 7.482722592158514417e-05
4.260432726000000336e+00 7.265988835176807946e-05
4.261783957999999650e+00 7.115711388864734291e-05
4.263135188999999770e+00 7.001540515000671014e-05
4.264486419999999889e+00 6.911289150036513255e-05
4.265837652000000091e+00 6.874027358917117058e-05
4.267188883000000210e+00 6.868256349416580189e-05
4.268540115000000412e+00 0.000000000000000000e+00
4.269891347000000614e+00 0.000000000000000000e+00
