# WAVELENGTH THROUGHPUT
3.646973653999999954e+00 0.000000000000000000e+00
3.648324885000000073e+00 0.000000000000000000e+00
3.649676116000000192e+00 2.642785435802510826e-05
3.651027347000000312e+00 2.680292589907429802e-05
3.652378579000000069e+00 2.717536433620508881e-05
3.653729809999999745e+00 2.722103531369351374e-05
3.655081041999999947e+00 2.711867906651854864e-05
3.656432273000000066e+00 2.711062598155210561e-05
3.657783504000000185e+00 2.713467034290556186e-05
3.659134735999999943e+00 2.740175200653052355e-05
3.660485967000000063e+00 2.788665860848224545e-05
3.661837199000000265e+00 2.833725990518114082e-05
3.663188429999999940e+00 2.889014241148635061e-05
3.664539662000000142e+00 2.951326459044099126e-05
3.665890892999999817e+00 3.029965147651013781e-05
3.667242125000000019e+00 3.127792802466736541e-05
3.668593355999999694e+00 3.216083884625740668e-05
3.669944586999999814e+00 3.277881626192245774e-05
3.671295819000000016e+00 3.340396758796290971e-05
3.672647050000000135e+00 3.427115445329603679e-05
3.673998281999999893e+00 3.534365676790362203e-05
3.675349513000000012e+00 3.647267859013328259e-05
3.676700745000000214e+00 3.765703673575860905e-05
3.678051976000000334e+00 3.893019980453076451e-05
3.679403208000000092e+00 4.024769241384171990e-05
3.680754438999999767e+00 4.176399469030319403e-05
3.682105669999999886e+00 4.315616315298817447e-05
3.683456902000000088e+00 4.401968334079218146e-05
3.684808133000000208e+00 4.482283599238604693e-05
3.686159364999999966e+00 4.585497787676847694e-05
3.687510596000000085e+00 4.692308000918240976e-05
3.688861827999999843e+00 4.821956810861576062e-05
3.690213058999999962e+00 4.980788463317952787e-05
3.691564289999999637e+00 5.156316920580825364e-05
3.692915521999999839e+00 5.387198463274902568e-05
3.694266752999999959e+00 5.666787322528920136e-05
3.695617984999999717e+00 5.974737779698266520e-05
3.696969215999999836e+00 6.331303791748392636e-05
3.698320448000000038e+00 6.699427995674137200e-05
3.699671679000000157e+00 7.047227760894901106e-05
3.701022910999999915e+00 7.398502916677823598e-05
3.702374142000000035e+00 7.760994420315765817e-05
3.703725373000000154e+00 8.162489011343829562e-05
3.705076605000000356e+00 8.591867073030404743e-05
3.706427836000000031e+00 9.008814367780325209e-05
3.707779067999999789e+00 9.427653022311110727e-05
3.709130298999999908e+00 9.908212933211357916e-05
3.710481531000000111e+00 1.046100836106204375e-04
3.711832761999999786e+00 1.106410467217712815e-04
3.713183992999999905e+00 1.169955515503971787e-04
3.714535225000000107e+00 1.236646109943793589e-04
3.715886456000000226e+00 1.313005237702152893e-04
3.717237687999999984e+00 1.399981065360459190e-04
3.718588918999999660e+00 1.494017813263488227e-04
3.719940150999999862e+00 1.591015701170959821e-04
3.721291381999999981e+00 1.692112628206300900e-04
3.722642613999999739e+00 1.805495155618507886e-04
3.723993844999999858e+00 1.932085105842185112e-04
3.725345075999999978e+00 2.063438448491555050e-04
3.726696308000000180e+00 2.197450188006604414e-04
3.728047539000000299e+00 2.337012692847634373e-04
3.729398771000000057e+00 2.486316498352781159e-04
3.730750002000000176e+00 2.653515645758154477e-04
3.732101234000000378e+00 2.837128874091647437e-04
3.733452465000000053e+00 3.029500525497714103e-04
3.734803695999999729e+00 3.232519874512692834e-04
3.736154927999999931e+00 3.450020293718914356e-04
3.737506159000000050e+00 3.684204436742103263e-04
3.738857390999999808e+00 3.937229697864060149e-04
3.740208621999999927e+00 4.202768714157994090e-04
3.741559854000000129e+00 4.477203077683535840e-04
3.742911085000000249e+00 4.766737576870510077e-04
3.744262317000000007e+00 5.073085440888345761e-04
3.745613547999999682e+00 5.397107969675053307e-04
3.746964778999999801e+00 5.742698563478611934e-04
3.748316011000000003e+00 6.108208655444065296e-04
3.749667242000000122e+00 6.496343147095980704e-04
3.751018473999999880e+00 6.915018570096704426e-04
3.752369705000000000e+00 7.360100315959800053e-04
3.753720937000000202e+00 7.829212738822232233e-04
3.755072168000000321e+00 8.324899193808279292e-04
3.756423400000000079e+00 8.846930963251619122e-04
3.757774631000000198e+00 9.400638505877288199e-04
3.759125861999999874e+00 9.988761008559951006e-04
3.760477093999999632e+00 1.060569151980442475e-03
3.761828324999999751e+00 1.125445050896115538e-03
3.763179556999999953e+00 1.194037724990446156e-03
3.764530788000000072e+00 1.266217222412131501e-03
3.765882019999999830e+00 1.342379824265470863e-03
3.767233250999999949e+00 1.422756176324996335e-03
3.768584482000000069e+00 1.507138590837223645e-03
3.769935714000000271e+00 1.596161991563667133e-03
3.771286944999999946e+00 1.690004453016841430e-03
3.772638176999999704e+00 1.788199285169022375e-03
3.773989407999999823e+00 1.891369700566596871e-03
3.775340640000000025e+00 2.000026016751815881e-03
3.776691871000000145e+00 2.114029947867522661e-03
3.778043102999999903e+00 2.234279307082562543e-03
3.779394334000000022e+00 2.360852646429602644e-03
3.780745565000000141e+00 2.493914860588144003e-03
3.782096797000000343e+00 2.634368710468879254e-03
3.783448027999999574e+00 2.782425444995331645e-03
3.784799259999999776e+00 2.938348726272767102e-03
3.786150490999999896e+00 3.103169629870679291e-03
3.787501722999999654e+00 3.277333668550697337e-03
3.788852953999999773e+00 3.461286751318535214e-03
3.790204184999999892e+00 3.655982620269006191e-03
3.791555417000000094e+00 3.861880190732389778e-03
3.792906648000000214e+00 4.079955585114326475e-03
3.794257879999999972e+00 4.311648160616620221e-03
3.795609111000000091e+00 4.557498668274333545e-03
3.796960343000000293e+00 4.818650295648332915e-03
3.798311573999999968e+00 5.096868822600097472e-03
3.799662805999999726e+00 5.392800353647122548e-03
3.801014036999999846e+00 5.707731143417065292e-03
3.802365267999999965e+00 6.043665469665363173e-03
3.803716500000000167e+00 6.402265107748271976e-03
3.805067731000000286e+00 6.785499905444744746e-03
3.806418963000000044e+00 7.195882593392633440e-03
3.807770194000000163e+00 7.635003381760358150e-03
3.809121426000000366e+00 8.104986085493334422e-03
3.810472656999999597e+00 8.609455676405494348e-03
3.811823888999999799e+00 9.150910901291643695e-03
3.813175119999999918e+00 9.732039157369620427e-03
3.814526351000000037e+00 1.035714753423124836e-02
3.815877582999999795e+00 1.102981474080823483e-02
3.817228813999999915e+00 1.175415679532284229e-02
3.818580046000000117e+00 1.253609734328113394e-02
3.819931277000000236e+00 1.337985072732364618e-02
3.821282508999999994e+00 1.429040454295950335e-02
3.822633740000000113e+00 1.527567218374440740e-02
3.823984970999999788e+00 1.634185443213861944e-02
3.825336202999999990e+00 1.749471951512898346e-02
3.826687434000000110e+00 1.874343460649049997e-02
3.828038665999999868e+00 2.009415909386933971e-02
3.829389896999999987e+00 2.155849074946352209e-02
3.830741129000000189e+00 2.314594144281844831e-02
3.832092360000000308e+00 2.486566246479363779e-02
3.833443592000000066e+00 2.673262011998438215e-02
3.834794823000000186e+00 2.875856386895755262e-02
3.836146053999999861e+00 3.095514492117967115e-02
3.837497285999999619e+00 3.334131683036648669e-02
3.838848516999999738e+00 3.593109033367097860e-02
3.840199748999999940e+00 3.873803348951133235e-02
3.841550980000000060e+00 4.178466830292373174e-02
3.842902211999999817e+00 4.508700111852220055e-02
3.844253442999999937e+00 4.865994474264751651e-02
3.845604674000000056e+00 5.253031679469228471e-02
3.846955906000000258e+00 5.671534518153762555e-02
3.848307136999999933e+00 6.123131518065640794e-02
3.849658369000000135e+00 6.610801480535892505e-02
3.851009599999999811e+00 7.135570700476716322e-02
3.852360832000000013e+00 7.700594202180277570e-02
3.853712063000000132e+00 8.307418948189901342e-02
3.855063294999999890e+00 8.957150707713551485e-02
3.856414526000000009e+00 9.652704067959863576e-02
3.857765757000000129e+00 1.039479066633409304e-01
3.859116988999999887e+00 1.118343910669411245e-01
3.860468220000000006e+00 1.202100297570153908e-01
3.861819452000000208e+00 1.290712196653207577e-01
3.863170682999999883e+00 1.384045711891116470e-01
3.864521914999999641e+00 1.482224742960119301e-01
3.865873145999999760e+00 1.585042232205329249e-01
3.867224376999999880e+00 1.692202081965867855e-01
3.868575609000000082e+00 1.803700054559674582e-01
3.869926840000000201e+00 1.919162914612049797e-01
3.871278071999999959e+00 2.038064849906626730e-01
3.872629303000000078e+00 2.160274751128687665e-01
3.873980535000000280e+00 2.285222797213782298e-01
3.875331765999999956e+00 2.412261505296957875e-01
3.876682998000000158e+00 2.541096779680099838e-01
3.878034228999999833e+00 2.670905105600034357e-01
3.879385459999999952e+00 2.801312094841903466e-01
3.880736692000000154e+00 2.931596647696351754e-01
3.882087922999999829e+00 3.061044778712364578e-01
3.883439155000000031e+00 3.189315266052173969e-01
3.884790386000000151e+00 3.315688725288348793e-01
3.886141617999999909e+00 3.439529425497587223e-01
3.887492849000000028e+00 3.560628882077735979e-01
3.888844081000000230e+00 3.678395425104246663e-01
3.890195311999999905e+00 3.792406036314371343e-01
3.891546543000000025e+00 3.902553530039351570e-01
3.892897774999999783e+00 4.008475719380809044e-01
3.894249005999999902e+00 4.109916352560106234e-01
3.895600238000000104e+00 4.206952602867095603e-01
3.896951469000000223e+00 4.299342844986790424e-01
3.898302700999999981e+00 4.387025723449163306e-01
3.899653932000000101e+00 4.470172751364555608e-01
3.901005162999999776e+00 4.548727269028743359e-01
3.902356394999999978e+00 4.622836736298270299e-01
3.903707626000000097e+00 4.692684518117755110e-01
3.905058857999999855e+00 4.758455134596108471e-01
3.906410088999999974e+00 4.820207064553346243e-01
3.907761320999999732e+00 4.878252657496921496e-01
3.909112551999999852e+00 4.932873620263931169e-01
3.910463784000000054e+00 4.984067183075063801e-01
3.911815015000000173e+00 5.032191831269346993e-01
3.913166245999999848e+00 5.077457003133580837e-01
3.914517478000000050e+00 5.119700067572997559e-01
3.915868708999999726e+00 5.159251197746546058e-01
3.917219940999999928e+00 5.196460073890500908e-01
3.918571172000000047e+00 5.231071027379740057e-01
3.919922403999999805e+00 5.263400206839907725e-01
3.921273634999999924e+00 5.293869362390429822e-01
3.922624866000000043e+00 5.322078376190072513e-01
3.923976098000000245e+00 5.348358024614759954e-01
3.925327329000000365e+00 5.373170793795531974e-01
3.926678561000000123e+00 5.396027247649934910e-01
3.928029791999999798e+00 5.417556148966089502e-01
3.929381024000000000e+00 5.437316452116668364e-01
3.930732254999999675e+00 5.455575590028645117e-01
3.932083486999999877e+00 5.472738909577664623e-01
3.933434717999999997e+00 5.488319102706605834e-01
3.934785949000000116e+00 5.502711609769946888e-01
3.936137180999999874e+00 5.516304597016628009e-01
3.937488411999999993e+00 5.528482141761189572e-01
3.938839644000000195e+00 5.539708637593675489e-01
3.940190874999999870e+00 5.550371684677350981e-01
3.941542107000000073e+00 5.559827043452818529e-01
3.942893337999999748e+00 5.568527544682767561e-01
3.944244568999999867e+00 5.576872939563694009e-01
3.945595801000000069e+00 5.584115280725929775e-01
3.946947032000000188e+00 5.590752468831493571e-01
3.948298263999999946e+00 5.597236052144023422e-01
3.949649495000000066e+00 5.602731156658109501e-01
3.951000727000000268e+00 5.608120373569045469e-01
3.952351958000000387e+00 5.612603444819337373e-01
3.953703190000000145e+00 5.616649112951144218e-01
3.955054420999999820e+00 5.620845086433021720e-01
3.956405651999999940e+00 5.624295885898199510e-01
3.957756883999999697e+00 5.627451083679226862e-01
3.959108114999999817e+00 5.630859444293374594e-01
3.960459347000000019e+00 5.633649585660217562e-01
3.961810578000000138e+00 5.636275044539778012e-01
3.963161809999999896e+00 5.639178006070669769e-01
3.964513041000000015e+00 5.641522446621946019e-01
3.965864273000000217e+00 5.643715387211757362e-01
3.967215503999999893e+00 5.646235187521270182e-01
3.968566735000000012e+00 5.648250010361678397e-01
3.969917966999999770e+00 5.650161432832800923e-01
3.971269197999999889e+00 5.652588962713480658e-01
3.972620430000000091e+00 5.654547689844097169e-01
3.973971661000000211e+00 5.656497038271622868e-01
3.975322892999999969e+00 5.658840111108938142e-01
3.976674124000000088e+00 5.660722322503668469e-01
3.978025355000000207e+00 5.663070567140646716e-01
3.979376587000000409e+00 5.664894910066515799e-01
3.980727817999999640e+00 5.666625015637449803e-01
3.982079049999999842e+00 5.668734241060341406e-01
3.983430280999999962e+00 5.670357994186074890e-01
3.984781512999999720e+00 5.671949100303825819e-01
3.986132743999999839e+00 5.673978431942148237e-01
3.987483976000000041e+00 5.675566605738111559e-01
3.988835207000000160e+00 5.677095035738342066e-01
3.990186438000000280e+00 5.679072963760694037e-01
3.991537670000000038e+00 5.680628500499070865e-01
3.992888900999999713e+00 5.682139727025888876e-01
3.994240132999999915e+00 5.684078617291086211e-01
3.995591364000000034e+00 5.685615467613093221e-01
3.996942595999999792e+00 5.687113139355538527e-01
3.998293826999999911e+00 5.688979959250183294e-01
3.999645058000000031e+00 5.690463974929068636e-01
4.000996289999999789e+00 5.691950245384425067e-01
4.002347520999999908e+00 5.693456794877903571e-01
4.003698753000000110e+00 5.694771943279642867e-01
4.005049984000000229e+00 5.696298229125521528e-01
4.006401216000000431e+00 5.697572127484348270e-01
4.007752446999999663e+00 5.698860937908454272e-01
4.009103678999999865e+00 5.700407475710869143e-01
4.010454909999999984e+00 5.701691300422756514e-01
4.011806141000000103e+00 5.702972742446597021e-01
4.013157373000000305e+00 5.704533603570037803e-01
4.014508604000000425e+00 5.705825067242022985e-01
4.015859835999999738e+00 5.707097833606206150e-01
4.017211066999999858e+00 5.708616934733866666e-01
4.018562299000000060e+00 5.709887594538533007e-01
4.019913530000000179e+00 5.711111440730186617e-01
4.021264761000000298e+00 5.712643120840191768e-01
4.022615992999999612e+00 5.713973950400789148e-01
4.023967223999999732e+00 5.715267585280674467e-01
4.025318455999999934e+00 5.716849478537165963e-01
4.026669687000000053e+00 5.718202082754991755e-01
4.028020919000000255e+00 5.719822735314630258e-01
4.029372150000000374e+00 5.721151488704973032e-01
4.030723381999999688e+00 5.722496251317565896e-01
4.032074612999999808e+00 5.724110008096768842e-01
4.033425843999999927e+00 5.725372254296924313e-01
4.034777076000000129e+00 5.726657717572086748e-01
4.036128307000000248e+00 5.728264364804824815e-01
4.037479538999999562e+00 5.729524126601911460e-01
4.038830769999999681e+00 5.730781074499055050e-01
4.040182001999999883e+00 5.732438799218347869e-01
4.041533233000000003e+00 5.733734103525239822e-01
4.042884465000000205e+00 5.735009043887130398e-01
4.044235696000000324e+00 5.736712466675708555e-01
4.045586926999999555e+00 5.738021408895341846e-01
4.046938158999999757e+00 5.739291953692400305e-01
4.048289389999999877e+00 5.740969134712836652e-01
4.049640622000000079e+00 5.742239142482017389e-01
4.050991853000000198e+00 5.743420431649468583e-01
4.052343085000000400e+00 5.745030521159122383e-01
4.053694315999999631e+00 5.746200655256711309e-01
4.055045546999999750e+00 5.747816259735402111e-01
4.056396778999999952e+00 5.748921518902705419e-01
4.057748010000000072e+00 5.750035478143292744e-01
4.059099241999999386e+00 5.751688478819041439e-01
4.060450472999999505e+00 5.752758754735565194e-01
4.061801704999999707e+00 5.753850751317918233e-01
4.063152935999999826e+00 5.755508473571852024e-01
4.064504168000000028e+00 5.756542941804482227e-01
4.065855399000000148e+00 5.757520421744153349e-01
4.067206630000000267e+00 5.759097676623036177e-01
4.068557862000000469e+00 5.760028258636341603e-01
4.069909093000000588e+00 5.760866634610346537e-01
4.071260324999999902e+00 5.762363711627878082e-01
4.072611556000000022e+00 5.763186297614022457e-01
4.073962788000000224e+00 5.763962190376816785e-01
4.075314019000000343e+00 5.765415214997501314e-01
4.076665249999999574e+00 5.766207882690976838e-01
4.078016481999999776e+00 5.767688176312897319e-01
4.079367712999999895e+00 5.768403965050082904e-01
4.080718945000000097e+00 5.769140932689748036e-01
4.082070176000000217e+00 5.770627780222092884e-01
4.083421408000000419e+00 5.771291774933873242e-01
4.084772638999999650e+00 5.771926744921002106e-01
4.086123870999999852e+00 5.773372288701371646e-01
4.087475101999999971e+00 5.773976678757155589e-01
4.088826333000000091e+00 5.774570438663724214e-01
4.090177565000000293e+00 5.776013598496192447e-01
4.091528796000000412e+00 5.776633822368157922e-01
4.092880027999999726e+00 5.777223326324677499e-01
4.094231258999999845e+00 5.778694330125428991e-01
4.095582491000000047e+00 5.779359948985134388e-01
4.096933722000000166e+00 5.779991233038638265e-01
4.098284953000000286e+00 5.781510705948121887e-01
4.099636185000000488e+00 5.782175327710787904e-01
4.100987415999999719e+00 5.782857342836970060e-01
4.102338647999999921e+00 5.784406694924237868e-01
4.103689878999999152e+00 5.785079240911388254e-01
4.105041110999999354e+00 5.786687067109858029e-01
4.106392342000000362e+00 5.787348453323529762e-01
4.107743573999999676e+00 5.788019035994647066e-01
4.109094804999999795e+00 5.789676762574681446e-01
4.110446035999999914e+00 5.790384657195968288e-01
4.111797268000000116e+00 5.791022744326098648e-01
4.113148499000000236e+00 5.792665820013952471e-01
4.114499730999999549e+00 5.793368637079939765e-01
4.115850962000000557e+00 5.794044559789759408e-01
4.117202194000000759e+00 5.795642089608440406e-01
4.118553424999999990e+00 5.796318692493803715e-01
4.119904657000000192e+00 5.796947256400051263e-01
4.121255887999999423e+00 5.798544917037329327e-01
4.122607119000000431e+00 5.799193983880952530e-01
4.123958351000000633e+00 5.799845198822498604e-01
4.125309581999999864e+00 5.801395303689117489e-01
4.126660814000000066e+00 5.801994244817297863e-01
4.128012045000000185e+00 5.803570113644239692e-01
4.129363277000000387e+00 5.804176345281053528e-01
4.130714507999999618e+00 5.804758958574943728e-01
4.132065738999999738e+00 5.806252183240159237e-01
4.133416970999999940e+00 5.806812247239683256e-01
4.134768202000000059e+00 5.807288329957881468e-01
4.136119434000000261e+00 5.808631093080393049e-01
4.137470664999999492e+00 5.809043580905862703e-01
4.138821896999999694e+00 5.809400909865247709e-01
4.140173128000000702e+00 5.810531443699534782e-01
4.141524360000000016e+00 5.810687196598689486e-01
4.142875591000000135e+00 5.810820408741862453e-01
4.144226821999999366e+00 5.811734162048476371e-01
4.145578053999999568e+00 5.811781831053094427e-01
4.146929285000000576e+00 5.811834611420773067e-01
4.148280516999999890e+00 5.812647474118781687e-01
4.149631748000000009e+00 5.812568037293509571e-01
4.150982980000000211e+00 5.812499516410493117e-01
4.152334211000000330e+00 5.813166127292979102e-01
4.153685441999999561e+00 5.813001419414800530e-01
4.155036673999999763e+00 5.813499328991116322e-01
4.156387904999999883e+00 5.813240661396874565e-01
4.157739136999999197e+00 5.812914532102334553e-01
4.159090368000000204e+00 5.813208454858261875e-01
4.160441600000000406e+00 5.812808609502936319e-01
4.161792830999999637e+00 5.812462161145007800e-01
4.163144062999999839e+00 5.812694922614823900e-01
4.164495293999999959e+00 5.812242534581025799e-01
4.165846525000000078e+00 5.811797462583243590e-01
4.167197757000000280e+00 5.811912654147022295e-01
4.168548987999999511e+00 5.811330917242875094e-01
4.169900220000000601e+00 5.810731646359155178e-01
4.171251450999999832e+00 5.810666224422326165e-01
4.172602683000000034e+00 5.810049962394220335e-01
4.173953914000000154e+00 5.809395765146919688e-01
4.175305145999999468e+00 5.809159918064652484e-01
4.176656377000000475e+00 5.808469607133300849e-01
4.178007607999999706e+00 5.808122170930430928e-01
4.179358839999999908e+00 5.807376176548285640e-01
4.180710071000000028e+00 5.806646913241668706e-01
4.182061303000000230e+00 5.806257637174210284e-01
4.183412534000000349e+00 5.805485370445691018e-01
4.184763765999999663e+00 5.804742796599456911e-01
4.186114996999999782e+00 5.804306933124109280e-01
4.187466227999999901e+00 5.803546022768385493e-01
4.188817460000000104e+00 5.802763905161496538e-01
4.190168691000000223e+00 5.802236622295106061e-01
4.191519922999999537e+00 5.801391195445460003e-01
4.192871154000000544e+00 5.800518644040364435e-01
4.194222386000000746e+00 5.799858839958637047e-01
4.195573616999999977e+00 5.799027889948140668e-01
4.196924849000000179e+00 5.798196095427603503e-01
4.198276079999999411e+00 5.797523163835019977e-01
4.199627311000000418e+00 5.796757220376106412e-01
4.200978542999999732e+00 5.795997182113735713e-01
4.202329773999999851e+00 5.795347786038517190e-01
4.203681006000000053e+00 5.794599901458081792e-01
4.205032237000000173e+00 5.793988407990210421e-01
4.206383469000000375e+00 5.793291157938640357e-01
4.207734699999999606e+00 5.792601297974955266e-01
4.209085930999999725e+00 5.791985502787533324e-01
4.210437162999999927e+00 5.791415145990852498e-01
4.211788394000000046e+00 5.790963238830160176e-01
4.213139626000000248e+00 5.790536900075268223e-01
4.214490856999999480e+00 5.790125127119032378e-01
4.215842088999999682e+00 5.789746027341697854e-01
4.217193320000000689e+00 5.789352135553186285e-01
4.218544552000000003e+00 5.788988141937023713e-01
4.219895783000000122e+00 5.788665596139216385e-01
4.221247013999999353e+00 5.788206354711108448e-01
4.222598245999999556e+00 5.787758803282206932e-01
4.223949476999999675e+00 5.787345019623760800e-01
4.225300708999999877e+00 5.786899962870367675e-01
4.226651939999999996e+00 5.786468434731755206e-01
4.228003171999999310e+00 5.785947464810151653e-01
4.229354403000000318e+00 5.785477004280368263e-01
4.230705633999999549e+00 5.785000683886055706e-01
4.232056865999999751e+00 5.784417767321451409e-01
4.233408097000000758e+00 5.783849879097843205e-01
4.234759329000000072e+00 5.783286600573304126e-01
4.236110560000000191e+00 5.782657270449446107e-01
4.237461792000000393e+00 5.782104063411344086e-01
4.238813022999999625e+00 5.781619553329814254e-01
4.240164254999999827e+00 5.781138580599265442e-01
4.241515485999999946e+00 5.780665722001664397e-01
4.242866717000000065e+00 5.780235443787320460e-01
4.244217949000000267e+00 5.779820805148141449e-01
4.245569180000000387e+00 5.779493946446156993e-01
4.246920412000000589e+00 5.779151711524580515e-01
4.248271642999999820e+00 5.778752356862190132e-01
4.249622875000000022e+00 5.778404008899421518e-01
4.250974105999999253e+00 5.777935125175873710e-01
4.252325337999999455e+00 5.777357974798823514e-01
4.253676569000000462e+00 5.776813858344016506e-01
4.255027799999999694e+00 5.776265300350371668e-01
4.256379031999999896e+00 5.775731019352130513e-01
4.257730263000000015e+00 5.775190828756830985e-01
4.259081495000000217e+00 5.774663828050925485e-01
4.260432726000000336e+00 5.774200525621777658e-01
4.261783957999999650e+00 5.773822329556693722e-01
4.263135188999999770e+00 5.773452514213865960e-01
4.264486419999999889e+00 5.773066849084474983e-01
4.265837652000000091e+00 5.772647235930996601e-01
4.267188883000000210e+00 5.772207371697142264e-01
4.268540114999999524e+00 5.771687166846218853e-01
4.269891346000000532e+00 5.771139762282334607e-01
4.271242578000000734e+00 5.770655742782754283e-01
4.272593808999999965e+00 5.770062423194066703e-01
4.273945041000000167e+00 5.769453167039220176e-01
4.275296271999999398e+00 5.768934150433895347e-01
4.276647503000000405e+00 5.768304284853952302e-01
4.277998734999999719e+00 5.767659738486976551e-01
4.279349965999999839e+00 5.767151798109149130e-01
4.280701198000000041e+00 5.766491889799820747e-01
4.282052429000000160e+00 5.765897773980427354e-01
4.283403661000000362e+00 5.765134880419898744e-01
4.284754891999999593e+00 5.764351153731028798e-01
4.286106122999999712e+00 5.763694553824085798e-01
4.287457354999999914e+00 5.762816511155153254e-01
4.288808586000000034e+00 5.761903731754780544e-01
4.290159818000000236e+00 5.761174340613702816e-01
4.291511048999999467e+00 5.760259529385366450e-01
4.292862280999999669e+00 5.759316163355688856e-01
4.294213512000000676e+00 5.758586638049391082e-01
4.295564743999999990e+00 5.757649362375020230e-01
4.296915975000000110e+00 5.756702296017649489e-01
4.298267206000000229e+00 5.755981392381146478e-01
4.299618438000000431e+00 5.755026725862573134e-01
4.300969668999999662e+00 5.753975569669692591e-01
4.302320900999999864e+00 5.753116645934456264e-01
4.303672131999999984e+00 5.751972263106378547e-01
4.305023363999999297e+00 5.751097300662868506e-01
4.306374595000000305e+00 5.749939158478714063e-01
4.307725825999999536e+00 5.748753084438587013e-01
4.309077057999999738e+00 5.747840635933019193e-01
4.310428289000000746e+00 5.746632170528150896e-01
4.311779521000000059e+00 5.745386318901753997e-01
4.313130752000000179e+00 5.744431792590212194e-01
4.314481984000000381e+00 5.743171845682832899e-01
4.315833214999999612e+00 5.741918786430544319e-01
4.317184446999999814e+00 5.740970940194437544e-01
4.318535677999999933e+00 5.739688954323781678e-01
4.319886909000000053e+00 5.738400348013124042e-01
4.321238141000000255e+00 5.737586736420499101e-01
4.322589372000000374e+00 5.736445273010063461e-01
4.323940604000000576e+00 5.735275021586424549e-01
4.325291834999999807e+00 5.734415916497338506e-01
4.326643067000000009e+00 5.733220588957241848e-01
4.327994297999999240e+00 5.732002823233640632e-01
4.329345529999999442e+00 5.731090084943101237e-01
4.330696761000000450e+00 5.729797610820029918e-01
4.332047991999999681e+00 5.728776114103182326e-01
4.333399223999999883e+00 5.727413828799273743e-01
4.334750455000000002e+00 5.726037054338131149e-01
4.336101687000000204e+00 5.724988361218499300e-01
4.337452918000000324e+00 5.723610470939067829e-01
4.338804149999999638e+00 5.722219917584413507e-01
4.340155380999999757e+00 5.721116298602512140e-01
4.341506611999999876e+00 5.719665206187941608e-01
4.342857844000000078e+00 5.718177430581171672e-01
4.344209075000000198e+00 5.716949654566720884e-01
4.345560306999999511e+00 5.715371934982357294e-01
4.346911538000000519e+00 5.713773625285369917e-01
4.348262769999999833e+00 5.712418356011104148e-01
4.349614000999999952e+00 5.710608772234285757e-01
4.350965233000000154e+00 5.708710456493277796e-01
4.352316464000000273e+00 5.706916873948487678e-01
4.353667695000000393e+00 5.704935851314039130e-01
4.355018926999999707e+00 5.703044667269576706e-01
4.356370157999999826e+00 5.700971068164016886e-01
4.357721390000000028e+00 5.698858840647893498e-01
4.359072621000000147e+00 5.696789699720228306e-01
4.360423853000000349e+00 5.694593579350462065e-01
4.361775083999999580e+00 5.692445649304385125e-01
4.363126315000000588e+00 5.690318965091344383e-01
4.364477547000000790e+00 5.688027792563106200e-01
4.365828778000000021e+00 5.685663986139990467e-01
4.367180010000000223e+00 5.683302126767877382e-01
4.368531240999999454e+00 5.680811568533009615e-01
4.369882472999999656e+00 5.678265196214715704e-01
4.371233703999999776e+00 5.675651860312911356e-01
4.372584935999999978e+00 5.672949484539580034e-01
4.373936167000000097e+00 5.670194247993686210e-01
4.375287398000000216e+00 5.667403003627137226e-01
4.376638630000000418e+00 5.664539309485643326e-01
4.377989860999999649e+00 5.661645255174877489e-01
4.379341092999999852e+00 5.658689742320927030e-01
4.380692323999999971e+00 5.655763279989904913e-01
4.382043555999999285e+00 5.652804037343939214e-01
4.383394787000000292e+00 5.649843550109285850e-01
4.384746017999999523e+00 5.646850483068954762e-01
4.386097249999999725e+00 5.643783991042577997e-01
4.387448481000000733e+00 5.640746308864037495e-01
4.388799713000000047e+00 5.637707303353284294e-01
4.390150944000000166e+00 5.634573462079472961e-01
4.391502176000000368e+00 5.631493857421732141e-01
4.392853406999999599e+00 5.628425486702285374e-01
4.394204638999999801e+00 5.625277182387204977e-01
4.395555869999999921e+00 5.622253223403870237e-01
4.396907101000000040e+00 5.619251016986669400e-01
4.398258332999999354e+00 5.616904669645919057e-01
4.399609564000000361e+00 5.614323356923193176e-01
4.400960796000000563e+00 5.611768851343881259e-01
4.402312026999999794e+00 5.609469221214402612e-01
4.403663258999999996e+00 5.606973014466096750e-01
4.405014489999999228e+00 5.604731038445439628e-01
4.406365721999999430e+00 5.602318201582875412e-01
4.407716953000000437e+00 5.599952150335442136e-01
4.409068183999999668e+00 5.597869116014303481e-01
4.410419415999999870e+00 5.595625505724133308e-01
4.411770646999999990e+00 5.593449153818682573e-01
4.413121879000000192e+00 5.591529148849800901e-01
4.414473110000000311e+00 5.589486575705391314e-01
4.415824341999999625e+00 5.587499528811439298e-01
4.417175573000000632e+00 5.585763377175455568e-01
4.418526803999999863e+00 5.583887985213057403e-01
4.419878036000000066e+00 5.582058687314187528e-01
4.421229266999999297e+00 5.580477327571978785e-01
4.422580498999999499e+00 5.578760659846584424e-01
4.423931730000000506e+00 5.577098353137137643e-01
4.425282961999999820e+00 5.575649457533244924e-01
4.426634192999999939e+00 5.574086459603168064e-01
4.427985425000000141e+00 5.572553457499346274e-01
4.429336656000000261e+00 5.571253622979440712e-01
4.430687887000000380e+00 5.569759800085382073e-01
4.432039118999999694e+00 5.568448107425505444e-01
4.433390349999999813e+00 5.566984255242152235e-01
4.434741582000000015e+00 5.565570731544781102e-01
4.436092813000000135e+00 5.564376001296156282e-01
4.437444045000000337e+00 5.563027509139846227e-01
4.438795275999999568e+00 5.561705522821575043e-01
4.440146507000000575e+00 5.560616782575038552e-01
4.441497739000000777e+00 5.559422755989442688e-01
4.442848970000000008e+00 5.558240281849691211e-01
4.444200202000000210e+00 5.557294792307946318e-01
4.445551432999999442e+00 5.555956227411398274e-01
4.446902664999999644e+00 5.554640276598424853e-01
4.448253895999999763e+00 5.553354654759716791e-01
4.449605127999999965e+00 5.552041501039215454e-01
4.450956359000000084e+00 5.550686056640653510e-01
4.452307590000000204e+00 5.549392764536622558e-01
4.453658822000000406e+00 5.548017789988082260e-01
4.455010052999999637e+00 5.546718797143594948e-01
4.456361284999999839e+00 5.545329855151844844e-01
4.457712515999999958e+00 5.543934452765094667e-01
4.459063747999999272e+00 5.542641940219966701e-01
4.460414979000000280e+00 5.541231591557308489e-01
4.461766211000000482e+00 5.539853705233299674e-01
4.463117441999999713e+00 5.538603008571389985e-01
4.464468673000000720e+00 5.537216900875814307e-01
4.465819905000000034e+00 5.535791019198830210e-01
4.467171136000000153e+00 5.534529183604586233e-01
4.468522368000000355e+00 5.533069866734615649e-01
4.469873598999999587e+00 5.531595849862002146e-01
4.471224831000000677e+00 5.530277507123675385e-01
4.472576061999999908e+00 5.528738572262750228e-01
4.473927293000000027e+00 5.527174205576558252e-01
4.475278524999999341e+00 5.525812637831520879e-01
4.476629756000000349e+00 5.524185583473325556e-01
4.477980988000000551e+00 5.522511659557017838e-01
4.479332218999999782e+00 5.521091821493058216e-01
4.480683450999999984e+00 5.519356084920739036e-01
4.482034682000000103e+00 5.517886997917862413e-01
4.483385914000000305e+00 5.516063944180930045e-01
4.484737145000000424e+00 5.514219200288297262e-01
4.486088375999999656e+00 5.512654631401889826e-01
4.487439607999999858e+00 5.510725195470235205e-01
4.488790838999999977e+00 5.508759457245573365e-01
4.490142071000000179e+00 5.507128324509633632e-01
4.491493302000000298e+00 5.505057691934196473e-01
4.492844533999999612e+00 5.502928322958272611e-01
4.494195765000000620e+00 5.501167092137536629e-01
4.495546995999999851e+00 5.498866556419664819e-01
4.496898228000000053e+00 5.496544167393940805e-01
4.498249458999999284e+00 5.494502314338393090e-01
4.499600690999999486e+00 5.492073946886047997e-01
4.500951922000000494e+00 5.489660082497143101e-01
4.502303153999999807e+00 5.487621745740050017e-01
4.503654384999999927e+00 5.485143325406832693e-01
4.505005617000000129e+00 5.482998570219281831e-01
4.506356848000000248e+00 5.480415761258691232e-01
4.507708079000000367e+00 5.477777042260469909e-01
4.509059310999999681e+00 5.475526297348559668e-01
4.510410541999999801e+00 5.472763190450640192e-01
4.511761774000000003e+00 5.469960028687878006e-01
4.513113005000000122e+00 5.467558005815816857e-01
4.514464237000000324e+00 5.464672721746979267e-01
4.515815467999999555e+00 5.461725636696237451e-01
4.517166699000000563e+00 5.459210270324338365e-01
4.518517930999999876e+00 5.456191229447285851e-01
4.519869161999999996e+00 5.453119315435769332e-01
4.521220394000000198e+00 5.450530522588509230e-01
4.522571624999999429e+00 5.447381102820156862e-01
4.523922856999999631e+00 5.444209983864327640e-01
4.525274087999999750e+00 5.441485791487790102e-01
4.526625319999999952e+00 5.438204496872882654e-01
4.527976551000000072e+00 5.434859892364041212e-01
4.529327782000000191e+00 5.432007067233443065e-01
4.530679014000000393e+00 5.428578702896681429e-01
4.532030244999999624e+00 5.425601208731268832e-01
4.533381476999999826e+00 5.422075745251766499e-01
4.534732707999999946e+00 5.418520586013587659e-01
4.536083940000000148e+00 5.415514068249275281e-01
4.537435171000000267e+00 5.411939016586628792e-01
4.538786403000000469e+00 5.408346235260848012e-01
4.540137633999999700e+00 5.405257292261902435e-01
4.541488864999999819e+00 5.401641432194177472e-01
4.542840097000000021e+00 5.398011286058391756e-01
4.544191328000000141e+00 5.394856017573340656e-01
4.545542559999999455e+00 5.391156379845051250e-01
4.546893791000000462e+00 5.387417104919844935e-01
4.548245023000000664e+00 5.384184280817683188e-01
4.549596253999999895e+00 5.380433425541487624e-01
4.550947485000000015e+00 5.376747365432484882e-01
4.552298716999999328e+00 5.373566818256610977e-01
4.553649948000000336e+00 5.369924367507677987e-01
4.555001180000000538e+00 5.366752228237418043e-01
4.556352410999999769e+00 5.363111440739501967e-01
4.557703642999999971e+00 5.359510046027414765e-01
4.559054874000000090e+00 5.356359931041254629e-01
4.560406106000000293e+00 5.352778677795506646e-01
4.561757337000000412e+00 5.349161100444416173e-01
4.563108567999999643e+00 5.345984095231387512e-01
4.564459799999999845e+00 5.342420119095275810e-01
4.565811030999999964e+00 5.338872604506703645e-01
4.567162263000000166e+00 5.335716814132798191e-01
4.568513493999999397e+00 5.332172222655083837e-01
4.569864725999999600e+00 5.328682681992139569e-01
4.571215957000000607e+00 5.325519078885470048e-01
4.572567187999999838e+00 5.322017237893130748e-01
4.573918420000000040e+00 5.318498518227362526e-01
4.575269650999999271e+00 5.315315933440482032e-01
4.576620882999999473e+00 5.311849733334115253e-01
4.577972114000000481e+00 5.308380486470729576e-01
4.579323345999999795e+00 5.305179954944964082e-01
4.580674576999999914e+00 5.301710786413040832e-01
4.582025809000000116e+00 5.298524423150269280e-01
4.583377040000000235e+00 5.295081454720406144e-01
4.584728271000000355e+00 5.291631902256065390e-01
4.586079502999999669e+00 5.288344409057392781e-01
4.587430733999999788e+00 5.284857154251967337e-01
4.588781965999999990e+00 5.281364961992935925e-01
4.590133197000000109e+00 5.277936550679215300e-01
4.591484429000000311e+00 5.274277613830371525e-01
4.592835659999999542e+00 5.270601576845376224e-01
4.594186891000000550e+00 5.267018065266264593e-01
4.595538122999999864e+00 5.263300321996114972e-01
4.596889353999999983e+00 5.259542585040102303e-01
4.598240586000000185e+00 5.255794898191333830e-01
4.599591817000000304e+00 5.251998277813133553e-01
4.600943049000000507e+00 5.248192162266441807e-01
4.602294279999999738e+00 5.244279282626218563e-01
4.603645511999999940e+00 5.240357667109392104e-01
4.604996743000000059e+00 5.236393445474136765e-01
4.606347974000000178e+00 5.232300184955511746e-01
4.607699206000000380e+00 5.228207216165622340e-01
4.609050436999999611e+00 5.223894198834997393e-01
4.610401668999999814e+00 5.219679966601701304e-01
4.611752900000000821e+00 5.215440928043937330e-01
4.613104132000000135e+00 5.210946463088692582e-01
4.614455363000000254e+00 5.206527451233059489e-01
4.615806595000000456e+00 5.202057086249768370e-01
4.617157825999999687e+00 5.197308168032771514e-01
4.618509056999999807e+00 5.192745272209323693e-01
4.619860289000000009e+00 5.188123166174877232e-01
4.621211520000000128e+00 5.183028867002568152e-01
4.622562751999999442e+00 5.178182721682682566e-01
4.623913983000000449e+00 5.173271399600491982e-01
4.625265215000000651e+00 5.167932532846610805e-01
4.626616445999999883e+00 5.162860635997967851e-01
4.627967677000000002e+00 5.157727778110459127e-01
4.629318908999999316e+00 5.152151477972913840e-01
4.630670140000000323e+00 5.146905449612874106e-01
4.632021372000000525e+00 5.141158910382714886e-01
4.633372602999999756e+00 5.135779318343633992e-01
4.634723834999999958e+00 5.130371894649441433e-01
4.636075066000000078e+00 5.124428630273060170e-01
4.637426298000000280e+00 5.118889570213388529e-01
4.638777529000000399e+00 5.113307352001688066e-01
4.640128759999999630e+00 5.107145769492216214e-01
4.641479991999999832e+00 5.101539041972935618e-01
4.642831222999999952e+00 5.095883113500504491e-01
4.644182455000000154e+00 5.089598588747035190e-01
4.645533685999999385e+00 5.083869926770226977e-01
4.646884917999999587e+00 5.078136470048202344e-01
4.648236149000000594e+00 5.071787718570193171e-01
4.649587379999999825e+00 5.065997566461309942e-01
4.650938612000000028e+00 5.060168517126548693e-01
4.652289842999999259e+00 5.053650016797720523e-01
4.653641074999999461e+00 5.047785734602167063e-01
4.654992306000000468e+00 5.041917406901654797e-01
4.656343537999999782e+00 5.035314259013288218e-01
4.657694768999999901e+00 5.029446540580767566e-01
4.659046001000000103e+00 5.022886546300066035e-01
4.660397232000000223e+00 5.017101118522250269e-01
4.661748463000000342e+00 5.011380717367253101e-01
4.663099694999999656e+00 5.004951122433884958e-01
4.664450926000000663e+00 4.999342804225830328e-01
4.665802157999999977e+00 4.993791369081191922e-01
4.667153389000000097e+00 4.987535026439258723e-01
4.668504621000000299e+00 4.982063094723162000e-01
4.669855851999999530e+00 4.976672627113992164e-01
4.671207083000000537e+00 4.970625578402733113e-01
4.672558314999999851e+00 4.965412649738827344e-01
4.673909545999999970e+00 4.960263387108385102e-01
4.675260778000000172e+00 4.954384580883090528e-01
4.676612009000000292e+00 4.949383045247157109e-01
4.677963241000000494e+00 4.944463934752371670e-01
4.679314471999999725e+00 4.938815292136107815e-01
4.680665703999999927e+00 4.933962122312320342e-01
4.682016935000000046e+00 4.928360243482658443e-01
4.683368166000000166e+00 4.923654583870205048e-01
4.684719398000000368e+00 4.919032529723046943e-01
4.686070628999999599e+00 4.913724978712859515e-01
4.687421860999999801e+00 4.909285874687340234e-01
4.688773091999999920e+00 4.904971372948728203e-01
4.690124324000000122e+00 4.900045307009258111e-01
4.691475555000000242e+00 4.895996889739558933e-01
4.692826786999999555e+00 4.892037700980475523e-01
4.694178017999999675e+00 4.887440716563968279e-01
4.695529248999999794e+00 4.883703065156824175e-01
4.696880480999999996e+00 4.880069332861355913e-01
4.698231712000000115e+00 4.875769735348038925e-01
4.699582943999999429e+00 4.872280140001580273e-01
4.700934175000000437e+00 4.868912429748794013e-01
4.702285407000000639e+00 4.864969686568850760e-01
4.703636637999999870e+00 4.861782714974360320e-01
4.704987868999999989e+00 4.858635946552878893e-01
4.706339100999999303e+00 4.854926433830847321e-01
4.707690332000000311e+00 4.851970462478360502e-01
4.709041564000000513e+00 4.848467793499944833e-01
4.710392794999999744e+00 4.845637948471823719e-01
4.711744026999999946e+00 4.842845312306538474e-01
4.713095258000000065e+00 4.839545597861776294e-01
4.714446490000000267e+00 4.836913645186973199e-01
4.715797720999999498e+00 4.834333103699806622e-01
4.717148951999999618e+00 4.831200116144778178e-01
4.718500184000000708e+00 4.828657162748691833e-01
4.719851414999999939e+00 4.826164053717024727e-01
4.721202647000000141e+00 4.823158498029424535e-01
4.722553877999999372e+00 4.820671555082345905e-01
4.723905109999999574e+00 4.818167727254679678e-01
4.725256341000000582e+00 4.815215650670147118e-01
4.726607571999999813e+00 4.812760091977534294e-01
4.727958804000000015e+00 4.810280180302419217e-01
4.729310035000000134e+00 4.807357389087595911e-01
4.730661267000000336e+00 4.804842789641645684e-01
4.732012498000000456e+00 4.801972614418254515e-01
4.733363729999999769e+00 4.799483926046779758e-01
4.734714960999999889e+00 4.796942580896926267e-01
4.736066193000000091e+00 4.794029140264672861e-01
4.737417424000000210e+00 4.791416561269365437e-01
4.738768654999999441e+00 4.788795937578725348e-01
4.740119886999999643e+00 4.785855581762422650e-01
4.741471118000000651e+00 4.783153962359541489e-01
4.742822349999999965e+00 4.780390335743855412e-01
4.744173581000000084e+00 4.777355350806564149e-01
4.745524813000000286e+00 4.774511397128278767e-01
4.746876043999999517e+00 4.771575032130538907e-01
4.748227275999999719e+00 4.768372286089512802e-01
4.749578506999999838e+00 4.765280186728111933e-01
4.750929737999999958e+00 4.762131629890571927e-01
4.752280970000000160e+00 4.758824177776389552e-01
4.753632201000000279e+00 4.755538955108456478e-01
4.754983433000000481e+00 4.752170481138552338e-01
4.756334663999999712e+00 4.748704630413263517e-01
4.757685895999999914e+00 4.745263978421270235e-01
4.759037127000000034e+00 4.741760277422704117e-01
4.760388358000000153e+00 4.738198317162894968e-01
4.761739590000000355e+00 4.734607950111736074e-01
4.763090820999999586e+00 4.730857199129757662e-01
4.764442052999999788e+00 4.727026985456396768e-01
4.765793283999999908e+00 4.723130830164568028e-01
4.767144516000000110e+00 4.719065143403228246e-01
4.768495747000000229e+00 4.715034007750038558e-01
4.769846978999999543e+00 4.710978349643932250e-01
4.771198209999999662e+00 4.706833173724492836e-01
4.772549440999999781e+00 4.702661261297038098e-01
4.773900672999999983e+00 4.698422500879376185e-01
4.775251904000000103e+00 4.694197276691584597e-01
4.776603135999999417e+00 4.689957276357790694e-01
4.777954367000000424e+00 4.685682144772922997e-01
4.779305599000000626e+00 4.681446014652362875e-01
4.780656829999999857e+00 4.677072389075731529e-01
4.782008061000000865e+00 4.672789457358410559e-01
4.783359293000000179e+00 4.668429845525940425e-01
4.784710524000000298e+00 4.664054464299474678e-01
4.786061756000000500e+00 4.659818271764392117e-01
4.787412986999999731e+00 4.655442021927241880e-01
4.788764218999999933e+00 4.651114070977420689e-01
4.790115450000000052e+00 4.647007273241029468e-01
4.791466682000000255e+00 4.642732648813050478e-01
4.792817912999999486e+00 4.638460618225058729e-01
4.794169144000000493e+00 4.634438303000997794e-01
4.795520376000000695e+00 4.630251241031656528e-01
4.796871606999999926e+00 4.626093449516908707e-01
4.798222839000000128e+00 4.622191648546839504e-01
4.799574069999999359e+00 4.618059639519507265e-01
4.800925301999999562e+00 4.614007917248163504e-01
4.802276533000000569e+00 4.610318026719459339e-01
4.803627763999999800e+00 4.606369671818711931e-01
4.804978996000000002e+00 4.602422060008278804e-01
4.806330227000000122e+00 4.598830807254151720e-01
4.807681459000000324e+00 4.594989888539098288e-01
4.809032690000000443e+00 4.591544602537033781e-01
4.810383921999999757e+00 4.587767289394743542e-01
4.811735152999999876e+00 4.583927145935877689e-01
4.813086384999999190e+00 4.580488305968077878e-01
4.814437616000000197e+00 4.576756647509006015e-01
4.815788846999999429e+00 4.573060529521344453e-01
4.817140078999999631e+00 4.569731468996502954e-01
4.818491310000000638e+00 4.566015903714852331e-01
4.819842541999999952e+00 4.562320311040052867e-01
4.821193773000000071e+00 4.559109967223990978e-01
4.822545005000000273e+00 4.555516958863973231e-01
4.823896235999999504e+00 4.551887758598420763e-01
4.825247467999999706e+00 4.548610609245690717e-01
4.826598698999999826e+00 4.544948026566608679e-01
4.827949929999999945e+00 4.541288239337042953e-01
4.829301162000000147e+00 4.537979822373969796e-01
4.830652393000000266e+00 4.534189831321318587e-01
4.832003625000000469e+00 4.530720147048682978e-01
4.833354855999999700e+00 4.526840051349601546e-01
4.834706087999999902e+00 4.522940349626505263e-01
4.836057318999999133e+00 4.519359636570677852e-01
4.837408550000000140e+00 4.515284136354201228e-01
4.838759782000000342e+00 4.511114965020109890e-01
4.840111012999999573e+00 4.507274536818905442e-01
4.841462244999999776e+00 4.502943030072288910e-01
4.842813475999999895e+00 4.498471613185832108e-01
4.844164708000000097e+00 4.494238318290915135e-01
4.845515939000000216e+00 4.489482773683859396e-01
4.846867170999999530e+00 4.484623578089304008e-01
4.848218402000000538e+00 4.480021516327882813e-01
4.849569632999999769e+00 4.474866621890095097e-01
4.850920864999999971e+00 4.469633856758645774e-01
4.852272096000000090e+00 4.464659012725435416e-01
4.853623327999999404e+00 4.459209992823405244e-01
4.854974559000000411e+00 4.453634815989349072e-01
4.856325791000000613e+00 4.448217022696457357e-01
4.857677021999999845e+00 4.442293611636448647e-01
4.859028252999999964e+00 4.436558666741962642e-01
4.860379485000000166e+00 4.430368611056524908e-01
4.861730716000000285e+00 4.424026877082882225e-01
4.863081947999999599e+00 4.417806565562585330e-01
4.864433178999999718e+00 4.411115761847152483e-01
4.865784410999999920e+00 4.404285840049314005e-01
4.867135642000000040e+00 4.397613236260877745e-01
4.868486874000000242e+00 4.390502849708960986e-01
4.869838104999999473e+00 4.383217833694444954e-01
4.871189336000000480e+00 4.375991991992403962e-01
4.872540568000000683e+00 4.368386903416014988e-01
4.873891798999999914e+00 4.360690278511365481e-01
4.875243031000000116e+00 4.353102468434036365e-01
4.876594261999999347e+00 4.345155541954515699e-01
4.877945493999999549e+00 4.337118916785334677e-01
4.879296725000000556e+00 4.327880710063978786e-01
4.880647955999999787e+00 4.318422535222400938e-01
4.881999187999999990e+00 4.308926598499666638e-01
4.883350419000000109e+00 4.298188983205588065e-01
4.884701651000000311e+00 4.288578057462323900e-01
4.886052881999999542e+00 4.277785572101058809e-01
4.887404113999999744e+00 4.268172794630044620e-01
4.888755344999999863e+00 4.258536689435302725e-01
4.890106576999999177e+00 4.247664097952617568e-01
4.891457808000000185e+00 4.237979803287778013e-01
4.892809038999999416e+00 4.228341217934258323e-01
4.894160270999999618e+00 4.217503109982944087e-01
4.895511502000000625e+00 4.207900345177351120e-01
4.896862733999999939e+00 4.198305305123543607e-01
4.898213965000000059e+00 4.187495481456087187e-01
4.899565197000000261e+00 4.178010337641793193e-01
4.900916428000000380e+00 4.168582115000251664e-01
4.902267660000000582e+00 4.157913866943387382e-01
4.903618890999999813e+00 4.148557533173792833e-01
4.904970121999999932e+00 4.139276521937309550e-01
4.906321354000000134e+00 4.128785614473577947e-01
4.907672585000000254e+00 4.119659795065270247e-01
4.909023817000000456e+00 4.109242498444747316e-01
4.910375047999999687e+00 4.100157753703770891e-01
4.911726279999999889e+00 4.091131196734819064e-01
4.913077511000000008e+00 4.080807499548320116e-01
4.914428742000000128e+00 4.071828511550131258e-01
4.915779974000000330e+00 4.062800342460740066e-01
4.917131204999999561e+00 4.052351492548358358e-01
4.918482436999999763e+00 4.043196276992023774e-01
4.919833667999999882e+00 4.033983577143837596e-01
4.921184900000000084e+00 4.023238215807539153e-01
4.922536131000000204e+00 4.013683826895299012e-01
4.923887362999999517e+00 4.003930469105189682e-01
4.925238594000000525e+00 3.992562776065720631e-01
4.926589824999999756e+00 3.982388968636992321e-01
4.927941056999999958e+00 3.971907235844528983e-01
4.929292288000000077e+00 3.959676005253443543e-01
4.930643519999999391e+00 3.948455902183625188e-01
4.931994751000000399e+00 3.936835148796548611e-01
4.933345983000000601e+00 3.923377078717567024e-01
4.934697213999999832e+00 3.910812857694586642e-01
4.936048444999999951e+00 3.896271681765733907e-01
4.937399677000000153e+00 3.882474783123429085e-01
4.938750908000000273e+00 3.868053303809594334e-01
4.940102139999999586e+00 3.851475981605748111e-01
4.941453370999999706e+00 3.835580925940352826e-01
4.942804602999999908e+00 3.818858869794949373e-01
4.944155834000000027e+00 3.799727116177111230e-01
4.945507066000000229e+00 3.781186035009403978e-01
4.946858296999999460e+00 3.761615056223481801e-01
4.948209528000000468e+00 3.739641352390017381e-01
4.949560760000000670e+00 3.718018622921150373e-01
4.950911990999999901e+00 3.695285282435389895e-01
4.952263223000000103e+00 3.670061080634144379e-01
4.953614453999999334e+00 3.645078522110174468e-01
4.954965685999999536e+00 3.619036197312488490e-01
4.956316917000000544e+00 3.590262731271824381e-01
4.957668147999999775e+00 3.561765125134684906e-01
4.959019379999999977e+00 3.530634399929425404e-01
4.960370611000000096e+00 3.499730648979484937e-01
4.961721843000000298e+00 3.467685897069633927e-01
4.963073073999999529e+00 3.432967345860483688e-01
4.964424305999999731e+00 3.398564411183099820e-01
4.965775537000000739e+00 3.362890618506014229e-01
4.967126769000000053e+00 3.324859902855700211e-01
4.968478000000000172e+00 3.287066605500202354e-01
4.969829230999999403e+00 3.248213269033049522e-01
4.971180462999999605e+00 3.207104737354629642e-01
4.972531694000000613e+00 3.166291816179812590e-01
4.973882925999999927e+00 3.124704500364811066e-01
4.975234157000000046e+00 3.080855098594985075e-01
4.976585389000000248e+00 3.037575532380573651e-01
4.977936620000000367e+00 2.993469951913598770e-01
4.979287852000000569e+00 2.947480429883565511e-01
4.980639082999999800e+00 2.902134507400076502e-01
4.981990313999999920e+00 2.856186187773725460e-01
4.983341545999999234e+00 2.808633991183293044e-01
4.984692777000000241e+00 2.761708242367673094e-01
4.986044009000000443e+00 2.713388236824767485e-01
4.987395239999999674e+00 2.665865724217287291e-01
4.988746471999999876e+00 2.618168553737207915e-01
4.990097702999999996e+00 2.569194500768316458e-01
4.991448934000000115e+00 2.521176264148486945e-01
4.992800166000000317e+00 2.473143904597517040e-01
4.994151396999999548e+00 2.424037029471965143e-01
4.995502628999999750e+00 2.376136401173577495e-01
4.996853859999999870e+00 2.328259992352297858e-01
4.998205092000000072e+00 2.279612336577175324e-01
4.999556323000000191e+00 2.232115319279207866e-01
5.000907554999999505e+00 2.184842890018796613e-01
5.002258786000000512e+00 2.137481027907826847e-01
5.003610016999999743e+00 2.091057341232269717e-01
5.004961248999999945e+00 2.045008471461832178e-01
5.006312479999999177e+00 1.998658853921139456e-01
5.007663711999999379e+00 1.953256214734077623e-01
5.009014943000000386e+00 1.907833213516130499e-01
5.010366174999999700e+00 1.863495241364839794e-01
5.011717405999999819e+00 1.819617089536854915e-01
5.013068636999999939e+00 1.775546744481052430e-01
5.014419869000000141e+00 1.732711705072283448e-01
5.015771100000000260e+00 1.690388747980544615e-01
5.017122331999999574e+00 1.648085318182698211e-01
5.018473562999999693e+00 1.606838977492775766e-01
5.019824795000000783e+00 1.566192965968024875e-01
5.021176026000000014e+00 1.525599043602596239e-01
5.022527258000000216e+00 1.486118129728174198e-01
5.023878488999999448e+00 1.447209520245152370e-01
5.025229720000000455e+00 1.408409896584413290e-01
5.026580952000000657e+00 1.370660297244154224e-01
5.027932182999999888e+00 1.333455241137242731e-01
5.029283415000000090e+00 1.296431836797509451e-01
5.030634646000000210e+00 1.260366341880058971e-01
5.031985878000000412e+00 1.224883923823609777e-01
5.033337108999999643e+00 1.189503154358270559e-01
5.034688340999999845e+00 1.155078324461460137e-01
5.036039571999999964e+00 1.120804069095279187e-01
5.037390803000000084e+00 1.087446552816519335e-01
5.038742035000000286e+00 1.054620215384561716e-01
5.040093265999999517e+00 1.021942028768734745e-01
5.041444497999999719e+00 9.901636764216285858e-02
5.042795729000000726e+00 9.588630888025319321e-02
5.044146961000000040e+00 9.278184218323572152e-02
5.045498192000000159e+00 8.975721442944119277e-02
5.046849422999999391e+00 8.678643291395124471e-02
5.048200654999999593e+00 8.383585446329433477e-02
5.049551886000000600e+00 8.096722781987866768e-02
5.050903117999999914e+00 7.815055608010702815e-02
5.052254349000000033e+00 7.535794620417769762e-02
5.053605581000000235e+00 7.264582824694501562e-02
5.054956812000000355e+00 6.998161679614235686e-02
5.056308044000000557e+00 6.735008220393508271e-02
5.057659274999999788e+00 6.479215304057385494e-02
5.059010505999999907e+00 6.226898499370236290e-02
5.060361737999999221e+00 5.981858782588510975e-02
5.061712969000000228e+00 5.742328175012218622e-02
5.063064201000000430e+00 5.506120579988133673e-02
5.064415431999999662e+00 5.278733237093279768e-02
5.065766663999999864e+00 5.056900217978359258e-02
5.067117894999999983e+00 4.839780002884232907e-02
5.068469126000000102e+00 4.629135070540152386e-02
5.069820358000000304e+00 4.423876367050101621e-02
5.071171588999999535e+00 4.224126565924735122e-02
5.072522820999999738e+00 4.030614870399342603e-02
5.073874051999999857e+00 3.843238157864128229e-02
5.075225284000000059e+00 3.661044697602344744e-02
5.076576515000000178e+00 3.485443827978791653e-02
5.077927746999999492e+00 3.315746669251549983e-02
5.079278978000000500e+00 3.151504496138354816e-02
5.080630208999999731e+00 2.993744844416392284e-02
5.081981440999999933e+00 2.841769445274567457e-02
5.083332671999999164e+00 2.695267666306361623e-02
5.084683904000000254e+00 2.554853933305999830e-02
5.086035135000000373e+00 2.419885309443458796e-02
5.087386366999999687e+00 2.290884979093618656e-02
5.088737597999999807e+00 2.167535635082474058e-02
5.090088828999999926e+00 2.049179147356177538e-02
5.091440061000000128e+00 1.936614071246035157e-02
5.092791292000000247e+00 1.829269481070559464e-02
5.094142523999999561e+00 1.726724846538014307e-02
5.095493755000000569e+00 1.629520124030281805e-02
5.096844987000000771e+00 1.537118829993478625e-02
5.098196218000000002e+00 1.449107903948823953e-02
5.099547450000000204e+00 1.365888580591084062e-02
5.100898680999999435e+00 1.287085580066255411e-02
5.102249912000000442e+00 1.212223181065985242e-02
5.103601144000000644e+00 1.141728554988723221e-02
5.104952374999999876e+00 1.075105205681291080e-02
5.106303607000000078e+00 1.011986041317302319e-02
5.107654838000000197e+00 9.526501613574971800e-03
5.109006070000000399e+00 8.964981953477830015e-03
5.110357300999999630e+00 8.437912772895485997e-03
5.111708532999999832e+00 7.941372666426584417e-03
5.113059763999999952e+00 7.471781618207099483e-03
5.114410995000000071e+00 7.031381235711708574e-03
5.115762227000000273e+00 6.616918930194917899e-03
5.117113457999999504e+00 6.225278169294824575e-03
5.118464689999999706e+00 5.858688085820210230e-03
5.119815921000000714e+00 5.514071568854493621e-03
5.121167153000000027e+00 5.188682081271774917e-03
5.122518384000000147e+00 4.884492665683379774e-03
5.123869614999999378e+00 4.598809749133798107e-03
5.125220846999999580e+00 4.329388574068135029e-03
5.126572078000000587e+00 4.077748786346136606e-03
5.127923309999999901e+00 3.841531716494109728e-03
5.129274541000000021e+00 3.618630443081281584e-03
5.130625772999999334e+00 3.410536011677378285e-03
5.131977004000000342e+00 3.215225157921725984e-03
5.133328236000000544e+00 3.030801601168102780e-03
5.134679466999999775e+00 2.858559370446838669e-03
5.136030697999999894e+00 2.695755321753737568e-03
5.137381929999999208e+00 2.543718597704072368e-03
5.138733161000000216e+00 2.400991052589536781e-03
5.140084393000000418e+00 2.266246592744105073e-03
5.141435623999999649e+00 2.140556500487279714e-03
5.142786855999999851e+00 2.022621223174474181e-03
5.144138086999999970e+00 1.911165170918904506e-03
5.145489318000000090e+00 1.807292820475168114e-03
5.146840550000000292e+00 1.709757122834162880e-03
5.148191781000000411e+00 1.617423804496377713e-03
5.149543013000000613e+00 1.531112380538283881e-03
5.150894243999999844e+00 1.449837238090739226e-03
5.152245476000000046e+00 1.372705263875865491e-03
5.153596706999999277e+00 1.300668839173741397e-03
5.154947938999999479e+00 1.232838356905996934e-03
5.156299170000000487e+00 1.168352869082064883e-03
5.157650400999999718e+00 1.107994476651834705e-03
5.159001632999999920e+00 1.050625585972425656e-03
5.160352864000000039e+00 9.970409567342990251e-04
5.161704096000000241e+00 9.465837013383805731e-04
5.163055327000000361e+00 8.986652169326239800e-04
5.164406558999999675e+00 8.538176749067343278e-04
5.165757789999999794e+00 8.115314250742353521e-04
5.167109020999999913e+00 7.713289202745345812e-04
5.168460253000000115e+00 7.338016861739062860e-04
5.169811484000000235e+00 6.983994969934495881e-04
5.171162715999999548e+00 6.645267878982481910e-04
5.172513947000000556e+00 6.326489901037883222e-04
5.173865179000000758e+00 6.023581488630392949e-04
5.175216409999999989e+00 5.732683091744130007e-04
5.176567642000000191e+00 5.458378372181793038e-04
5.177918872999999422e+00 5.196537552803458812e-04
5.179270104000000430e+00 4.943915091503024890e-04
5.180621335999999744e+00 4.705455201705793550e-04
5.181972566999999863e+00 4.480625891460534422e-04
5.183323799000000065e+00 4.266712242042469054e-04
5.184675030000000184e+00 4.067450668614825196e-04
5.186026262000000386e+00 3.877488845801765113e-04
5.187377492999999617e+00 3.700263674742639334e-04
5.188728724999999820e+00 3.533597939628897668e-04
5.190079955999999939e+00 3.376254074951947942e-04
5.191431187000000058e+00 3.231123253653271480e-04
5.192782419000000260e+00 3.093806479121308435e-04
5.194133649999999491e+00 2.965114402212780582e-04
5.195484881999999693e+00 2.842277752690855973e-04
5.196836112999999813e+00 0.000000000000000000e+00
5.198187343999999932e+00 0.000000000000000000e+00
