# WAVELENGTH THROUGHPUT
3.696969215000000641e+00 0.000000000000000000e+00
3.698320447000000399e+00 0.000000000000000000e+00
3.699671679000000157e+00 2.381630989119360180e-04
3.701022910999999915e+00 2.497961737901076762e-04
3.702374142000000035e+00 2.644076340166057410e-04
3.703725373000000154e+00 2.764669400026421365e-04
3.705076605000000356e+00 2.917278398957074879e-04
3.706427836000000031e+00 3.095725551296602679e-04
3.707779067999999789e+00 3.256352210330325974e-04
3.709130298999999908e+00 3.433306133747559153e-04
3.710481531000000111e+00 3.588113484159253467e-04
3.711832761999999786e+00 3.747323196884061892e-04
3.713183992999999905e+00 3.970617072137155802e-04
3.714535225000000107e+00 4.174964812023462010e-04
3.715886456000000226e+00 4.375375712394479377e-04
3.717237687999999984e+00 4.618762377126587552e-04
3.718588918999999660e+00 4.828935235148945474e-04
3.719940150999999862e+00 5.057349612566621388e-04
3.721291381999999981e+00 5.356098343636583924e-04
3.722642613999999739e+00 5.662700106881041672e-04
3.723993844999999858e+00 5.996994236222079290e-04
3.725345075999999978e+00 6.342707519743352685e-04
3.726696308000000180e+00 6.686206600238897959e-04
3.728047539000000299e+00 7.117733094291744120e-04
3.729398771000000057e+00 7.561581338786093091e-04
3.730750002000000176e+00 7.953791820215151860e-04
3.732101234000000378e+00 8.401741306535299427e-04
3.733452465000000053e+00 8.875162217773196853e-04
3.734803695999999729e+00 9.363009357537398387e-04
3.736154927999999931e+00 9.943181463760953839e-04
3.737506159000000050e+00 1.052808787130818987e-03
3.738857390999999808e+00 1.111371433953315443e-03
3.740208621999999927e+00 1.178848160643290255e-03
3.741559854000000129e+00 1.247964810476562009e-03
3.742911085000000249e+00 1.320039698025206277e-03
3.744262317000000007e+00 1.399942335453501939e-03
3.745613547999999682e+00 1.479183639236297592e-03
3.746964778999999801e+00 1.562218969977788394e-03
3.748316011000000003e+00 1.654417088756065038e-03
3.749667242000000122e+00 1.750937527716955574e-03
3.751018473999999880e+00 1.858423297925223009e-03
3.752369705000000000e+00 1.974398491277294058e-03
3.753720937000000202e+00 2.089952922998689153e-03
3.755072168000000321e+00 2.214403076789208009e-03
3.756423400000000079e+00 2.348105938624602592e-03
3.757774631000000198e+00 2.485265134708367248e-03
3.759125861999999874e+00 2.635807655280785356e-03
3.760477093999999632e+00 2.797982577801468636e-03
3.761828324999999751e+00 2.965187344655158350e-03
3.763179556999999953e+00 3.145029234496801458e-03
3.764530788000000072e+00 3.335130777463439066e-03
3.765882019999999830e+00 3.534301039375264443e-03
3.767233250999999949e+00 3.752557717261158568e-03
3.768584482000000069e+00 3.983433037759069942e-03
3.769935714000000271e+00 4.222514529992848348e-03
3.771286944999999946e+00 4.480692175363875859e-03
3.772638176999999704e+00 4.754841614604440360e-03
3.773989407999999823e+00 5.043366696108183764e-03
3.775340640000000025e+00 5.356989636562331861e-03
3.776691871000000145e+00 5.690050101246172352e-03
3.778043102999999903e+00 6.038632867404510572e-03
3.779394334000000022e+00 6.412455803671705638e-03
3.780745565000000141e+00 6.810064191385788515e-03
3.782096797000000343e+00 7.231266442457552450e-03
3.783448027999999574e+00 7.686307159562441246e-03
3.784799259999999776e+00 8.171041501004892502e-03
3.786150490999999896e+00 8.684717715945268132e-03
3.787501722999999654e+00 9.236901064241196183e-03
3.788852953999999773e+00 9.819567248886060598e-03
3.790204184999999892e+00 1.043540285908408673e-02
3.791555417000000094e+00 1.110204457921684477e-02
3.792906648000000214e+00 1.181130610501464513e-02
3.794257879999999972e+00 1.256537799206443318e-02
3.795609111000000091e+00 1.338254630153892961e-02
3.796960343000000293e+00 1.424930682022309582e-02
3.798311573999999968e+00 1.516830967824749077e-02
3.799662805999999726e+00 1.616212398279810378e-02
3.801014036999999846e+00 1.721745005884028901e-02
3.802365267999999965e+00 1.834221440335546613e-02
3.803716500000000167e+00 1.956022803771625615e-02
3.805067731000000286e+00 2.085320511474009209e-02
3.806418963000000044e+00 2.223366375361335995e-02
3.807770194000000163e+00 2.372053452618477776e-02
3.809121426000000366e+00 2.529855053193918318e-02
3.810472656999999597e+00 2.698303376445413543e-02
3.811823888999999799e+00 2.879345225179680279e-02
3.813175119999999918e+00 3.072240755741866350e-02
3.814526351000000037e+00 3.278546554503181110e-02
3.815877582999999795e+00 3.499674237044012731e-02
3.817228813999999915e+00 3.734969642146994395e-02
3.818580046000000117e+00 3.986062608688952652e-02
3.819931277000000236e+00 4.254681246727576999e-02
3.821282508999999994e+00 4.540734033189024882e-02
3.822633740000000113e+00 4.845864038604796170e-02
3.823984970999999788e+00 5.171963419955165342e-02
3.825336202999999990e+00 5.518520152062811324e-02
3.826687434000000110e+00 5.886651731661461662e-02
3.828038665999999868e+00 6.278031561466446142e-02
3.829389896999999987e+00 6.693138910435610101e-02
3.830741129000000189e+00 7.132228652566145743e-02
3.832092360000000308e+00 7.597731451597604380e-02
3.833443592000000066e+00 8.089653971788325626e-02
3.834794823000000186e+00 8.607573732797685340e-02
3.836146053999999861e+00 9.153909165736388853e-02
3.837497285999999619e+00 9.727337810406382068e-02
3.838848516999999738e+00 1.032793944540682796e-01
3.840199748999999940e+00 1.095788054662963779e-01
3.841550980000000060e+00 1.161555625722191926e-01
3.842902211999999817e+00 1.229989445677898974e-01
3.844253442999999937e+00 1.301173891937422999e-01
3.845604674000000056e+00 1.375021707353114020e-01
3.846955906000000258e+00 1.451307482019911499e-01
3.848307136999999933e+00 1.529988083090030038e-01
3.849658369000000135e+00 1.611036825380424697e-01
3.851009599999999811e+00 1.693942392424483967e-01
3.852360832000000013e+00 1.779011152127487616e-01
3.853712063000000132e+00 1.865921687240539861e-01
3.855063294999999890e+00 1.954093662496776684e-01
3.856414526000000009e+00 2.043807069227808748e-01
3.857765757000000129e+00 2.134736895264780498e-01
3.859116988999999887e+00 2.226176196588542100e-01
3.860468220000000006e+00 2.318566823107082731e-01
3.861819452000000208e+00 2.411532140602561103e-01
3.863170682999999883e+00 2.504203255318842025e-01
3.864521914999999641e+00 2.597308085303029479e-01
3.865873145999999760e+00 2.690451473774658764e-01
3.867224376999999880e+00 2.782941233615184307e-01
3.868575609000000082e+00 2.875302869455456101e-01
3.869926840000000201e+00 2.967237347719640095e-01
3.871278071999999959e+00 3.058119834731656272e-01
3.872629303000000078e+00 3.148466115174106683e-01
3.873980535000000280e+00 3.238115905448671339e-01
3.875331765999999956e+00 3.326513634101406214e-01
3.876682998000000158e+00 3.413960745744036851e-01
3.878034228999999833e+00 3.500288789054716299e-01
3.879385459999999952e+00 3.585462844298470397e-01
3.880736692000000154e+00 3.669153013232450689e-01
3.882087922999999829e+00 3.751551176523468256e-01
3.883439155000000031e+00 3.832073657836015390e-01
3.884790386000000151e+00 3.910700460580456284e-01
3.886141617999999909e+00 3.987548692034726394e-01
3.887492849000000028e+00 4.062393275149702165e-01
3.888844081000000230e+00 4.134964811029063214e-01
3.890195311999999905e+00 4.205387436491535569e-01
3.891546543000000025e+00 4.273628552393395896e-01
3.892897774999999783e+00 4.339329501454651794e-01
3.894249005999999902e+00 4.402490597082079349e-01
3.895600238000000104e+00 4.463203651251919091e-01
3.896951469000000223e+00 4.520994753912295216e-01
3.898302700999999981e+00 4.575947240475995437e-01
3.899653932000000101e+00 4.628218680869205515e-01
3.901005162999999776e+00 4.676918417416568996e-01
3.902356394999999978e+00 4.722536138591184041e-01
3.903707626000000097e+00 4.765301116196165587e-01
3.905058857999999855e+00 4.804982970092692152e-01
3.906410088999999974e+00 4.841808333748568449e-01
3.907761320999999732e+00 4.876004582241755814e-01
3.909112551999999852e+00 4.907551033754946612e-01
3.910463784000000054e+00 4.936402171836167807e-01
3.911815015000000173e+00 4.962916336910901949e-01
3.913166245999999848e+00 4.987103564427432523e-01
3.914517478000000050e+00 5.008662513179711340e-01
3.915868708999999726e+00 5.028131248608891379e-01
3.917219940999999928e+00 5.045549698523427162e-01
3.918571172000000047e+00 5.060611803034222866e-01
3.919922403999999805e+00 5.074015131163570613e-01
3.921273634999999924e+00 5.086009849059454080e-01
3.922624866000000043e+00 5.096245946649933245e-01
3.923976098000000245e+00 5.105286561241211274e-01
3.925327329000000365e+00 5.113538710865090930e-01
3.926678561000000123e+00 5.120475310278986836e-01
3.928029791999999798e+00 5.126780251675407962e-01
3.929381024000000000e+00 5.132093982191637815e-01
3.930732254999999675e+00 5.136474412950878810e-01
3.932083486999999877e+00 5.140357570887073013e-01
3.933434717999999997e+00 5.143506251064670076e-01
3.934785949000000116e+00 5.146049652630059201e-01
3.936137180999999874e+00 5.148457789677457486e-01
3.937488411999999993e+00 5.150290108633845954e-01
3.938839644000000195e+00 5.151896849314524518e-01
3.940190874999999870e+00 5.153715362315925974e-01
3.941542107000000073e+00 5.155199764934667028e-01
3.942893337999999748e+00 5.156720744847917981e-01
3.944244568999999867e+00 5.158541032248511460e-01
3.945595801000000069e+00 5.160045332322767964e-01
3.946947032000000188e+00 5.161589296298072504e-01
3.948298263999999946e+00 5.163386797467359735e-01
3.949649495000000066e+00 5.164831222821034684e-01
3.951000727000000268e+00 5.166620071097831612e-01
3.952351958000000387e+00 5.167936739548046887e-01
3.953703190000000145e+00 5.169297924167480796e-01
3.955054420999999820e+00 5.171227128468709466e-01
3.956405651999999940e+00 5.172851506140561106e-01
3.957756883999999697e+00 5.174548252729261888e-01
3.959108114999999817e+00 5.176971383536596027e-01
3.960459347000000019e+00 5.179139668461837376e-01
3.961810578000000138e+00 5.181351909087403840e-01
3.963161809999999896e+00 5.184045249160447177e-01
3.964513041000000015e+00 5.186282033127663782e-01
3.965864273000000217e+00 5.188426169718513004e-01
3.967215503999999893e+00 5.190949197874086263e-01
3.968566735000000012e+00 5.193012398974260480e-01
3.969917966999999770e+00 5.194931666325453001e-01
3.971269197999999889e+00 5.197377166660740455e-01
3.972620430000000091e+00 5.199580696359119569e-01
3.973971661000000211e+00 5.201796763417293468e-01
3.975322892999999969e+00 5.204471607321325966e-01
3.976674124000000088e+00 5.206777593754783329e-01
3.978025355000000207e+00 5.209431595769525858e-01
3.979376587000000409e+00 5.211551166383067146e-01
3.980727817999999640e+00 5.213510565890582260e-01
3.982079049999999842e+00 5.215685847345766790e-01
3.983430280999999962e+00 5.217167100402971824e-01
3.984781512999999720e+00 5.218542822043437113e-01
3.986132743999999839e+00 5.220236257099338806e-01
3.987483976000000041e+00 5.221404630997728002e-01
3.988835207000000160e+00 5.222529091741439089e-01
3.990186438000000280e+00 5.224036152064404082e-01
3.991537670000000038e+00 5.225117629283597687e-01
3.992888900999999713e+00 5.226170004509717026e-01
3.994240132999999915e+00 5.227664419615595248e-01
3.995591364000000034e+00 5.228671653592719126e-01
3.996942595999999792e+00 5.229484619595652362e-01
3.998293826999999911e+00 5.230571347130161808e-01
3.999645058000000031e+00 5.231136960515552214e-01
4.000996289999999789e+00 5.231589096629933877e-01
4.002347520999999908e+00 5.232011366345930004e-01
4.003698753000000110e+00 5.232203031738931198e-01
4.005049984000000229e+00 5.232563351281499520e-01
4.006401216000000431e+00 5.232793859736165620e-01
4.007752446999999663e+00 5.233135771444287210e-01
4.009103678999999865e+00 5.233668217469450434e-01
4.010454909999999984e+00 5.233978407302457558e-01
4.011806141000000103e+00 5.234302317197617738e-01
4.013157373000000305e+00 5.234795344961381547e-01
4.014508604000000425e+00 5.234925301985714485e-01
4.015859835999999738e+00 5.234958951483246192e-01
4.017211066999999858e+00 5.235150004437768567e-01
4.018562299000000060e+00 5.235049819316375252e-01
4.019913530000000179e+00 5.234986418468281499e-01
4.021264761000000298e+00 5.235245986441582344e-01
4.022615992999999612e+00 5.235311947784373476e-01
4.023967223999999732e+00 5.235428638154149272e-01
4.025318455999999934e+00 5.235952415399715010e-01
4.026669687000000053e+00 5.236357439425226579e-01
4.028020919000000255e+00 5.236946935740819375e-01
4.029372150000000374e+00 5.237261212891420881e-01
4.030723381999999688e+00 5.237518691876053012e-01
4.032074612999999808e+00 5.237972882674589714e-01
4.033425843999999927e+00 5.238104419470011042e-01
4.034777076000000129e+00 5.238214459301141490e-01
4.036128307000000248e+00 5.238550547443764360e-01
4.037479538999999562e+00 5.238622231454763689e-01
4.038830769999999681e+00 5.238832015228661598e-01
4.040182001999999883e+00 5.239448968260262962e-01
4.041533233000000003e+00 5.239819460825846376e-01
4.042884465000000205e+00 5.240253987255175661e-01
4.044235696000000324e+00 5.241102096168550606e-01
4.045586926999999555e+00 5.241586292891181609e-01
4.046938158999999757e+00 5.242063203937478155e-01
4.048289389999999877e+00 5.242867982061081289e-01
4.049640622000000079e+00 5.243223750058109145e-01
4.050991853000000198e+00 5.243569180117388928e-01
4.052343085000000400e+00 5.244357010588431844e-01
4.053694315999999631e+00 5.244702101734016741e-01
4.055045546999999750e+00 5.245357330632823833e-01
4.056396778999999952e+00 5.245688072016382320e-01
4.057748010000000072e+00 5.246169534328742889e-01
4.059099241999999386e+00 5.247236292700987459e-01
4.060450472999999505e+00 5.247904512670560351e-01
4.061801704999999707e+00 5.248621614175346117e-01
4.063152935999999826e+00 5.249818853944332453e-01
4.064504168000000028e+00 5.250394157927049665e-01
4.065855399000000148e+00 5.250957085437214511e-01
4.067206630000000267e+00 5.252027318692956692e-01
4.068557862000000469e+00 5.252487636568181628e-01
4.069909093000000588e+00 5.252921699654805598e-01
4.071260324999999902e+00 5.253980573172633006e-01
4.072611556000000022e+00 5.254406323864219130e-01
4.073962788000000224e+00 5.254856411463134647e-01
4.075314019000000343e+00 5.256047229383820074e-01
4.076665249999999574e+00 5.256657124144114013e-01
4.078016481999999776e+00 5.257952695513381514e-01
4.079367712999999895e+00 5.258606274067227915e-01
4.080718945000000097e+00 5.259266917872679192e-01
4.082070176000000217e+00 5.260464443588708239e-01
4.083421408000000419e+00 5.260877985147670577e-01
4.084772638999999650e+00 5.261225236015468765e-01
4.086123870999999852e+00 5.262197503177648006e-01
4.087475101999999971e+00 5.262368215216821632e-01
4.088826333000000091e+00 5.262520775292327535e-01
4.090177565000000293e+00 5.263443687296817108e-01
4.091528796000000412e+00 5.263611072437086591e-01
4.092880027999999726e+00 5.263856398670234693e-01
4.094231258999999845e+00 5.264927793914419007e-01
4.095582491000000047e+00 5.265222038099617308e-01
4.096933722000000166e+00 5.265469870517975881e-01
4.098284953000000286e+00 5.266521894448615848e-01
4.099636185000000488e+00 5.266687706396774304e-01
4.100987415999999719e+00 5.266737743291587392e-01
4.102338647999999921e+00 5.267558306805659729e-01
4.103689878999999152e+00 5.267496658612506044e-01
4.105041110999999354e+00 5.268151632606145052e-01
4.106392342000000362e+00 5.267861223056223841e-01
4.107743573999999676e+00 5.267644287648149959e-01
4.109094804999999795e+00 5.268323096618470203e-01
4.110446035999999914e+00 5.268166258266918645e-01
4.111797268000000116e+00 5.268020275588759516e-01
4.113148499000000236e+00 5.268814931482210806e-01
4.114499730999999549e+00 5.268712734254228369e-01
4.115850962000000557e+00 5.268544808901811649e-01
4.117202194000000759e+00 5.269195931371677410e-01
4.118553424999999990e+00 5.268917320687694916e-01
4.119904657000000192e+00 5.268560192087619054e-01
4.121255887999999423e+00 5.269067673199631097e-01
4.122607119000000431e+00 5.268694418688444348e-01
4.123958351000000633e+00 5.268348083760868716e-01
4.125309581999999864e+00 5.268962087631529068e-01
4.126660814000000066e+00 5.268840811166999316e-01
4.128012045000000185e+00 5.269674601491540766e-01
4.129363277000000387e+00 5.269735781008008102e-01
4.130714507999999618e+00 5.269950215357221968e-01
4.132065738999999738e+00 5.271109694264048962e-01
4.133416970999999940e+00 5.271484476859895629e-01
4.134768202000000059e+00 5.271886299345414084e-01
4.136119434000000261e+00 5.273120965968606244e-01
4.137470664999999492e+00 5.273516798870045985e-01
4.138821896999999694e+00 5.273923600353246366e-01
4.140173128000000702e+00 5.275178629927615992e-01
4.141524360000000016e+00 5.275645211821110570e-01
4.142875591000000135e+00 5.276215349027750801e-01
4.144226821999999366e+00 5.277736711351095344e-01
4.145578053999999568e+00 5.278763916897992736e-01
4.146929285000000576e+00 5.279958567276549219e-01
4.148280516999999890e+00 5.282017574737570831e-01
4.149631748000000009e+00 5.283439672982978008e-01
4.150982980000000211e+00 5.284942738720380673e-01
4.152334211000000330e+00 5.287189581021523033e-01
4.153685441999999561e+00 5.288843789188352185e-01
4.155036673999999763e+00 5.291212754499011739e-01
4.156387904999999883e+00 5.292899290397297118e-01
4.157739136999999197e+00 5.294566156633969678e-01
4.159090368000000204e+00 5.296982779499694871e-01
4.160441600000000406e+00 5.298911718199352805e-01
4.161792830999999637e+00 5.300945810773939337e-01
4.163144062999999839e+00 5.303634010105423569e-01
4.164495293999999959e+00 5.305833275330296139e-01
4.165846525000000078e+00 5.308113688289505250e-01
4.167197757000000280e+00 5.310961791752797367e-01
4.168548987999999511e+00 5.313248328551168909e-01
4.169900220000000601e+00 5.315462072417851402e-01
4.171251450999999832e+00 5.318009672337606908e-01
4.172602683000000034e+00 5.319923084885149756e-01
4.173953914000000154e+00 5.321722451826855771e-01
4.175305145999999468e+00 5.323761537985814973e-01
4.176656377000000475e+00 5.325260329486463107e-01
4.178007607999999706e+00 5.327019064060593001e-01
4.179358839999999908e+00 5.328369365275247294e-01
4.180710071000000028e+00 5.329545250982630211e-01
4.182061303000000230e+00 5.330929868657974247e-01
4.183412534000000349e+00 5.331908746708763358e-01
4.184763765999999663e+00 5.332780475510376927e-01
4.186114996999999782e+00 5.333722541732949241e-01
4.187466227999999901e+00 5.334115862299050326e-01
4.188817460000000104e+00 5.334230119462828323e-01
4.190168691000000223e+00 5.334239898294595994e-01
4.191519922999999537e+00 5.333664638641740785e-01
4.192871154000000544e+00 5.332877232800389278e-01
4.194222386000000746e+00 5.331988353475682896e-01
4.195573616999999977e+00 5.330677483936943073e-01
4.196924849000000179e+00 5.329218341375221435e-01
4.198276079999999411e+00 5.327800712261032690e-01
4.199627311000000418e+00 5.326090312261588799e-01
4.200978542999999732e+00 5.324119962120476002e-01
4.202329773999999851e+00 5.322151154290913899e-01
4.203681006000000053e+00 5.319933264621199420e-01
4.205032237000000173e+00 5.317610848161795634e-01
4.206383469000000375e+00 5.315007789580938891e-01
4.207734699999999606e+00 5.312310341906019140e-01
4.209085930999999725e+00 5.309437829024850064e-01
4.210437162999999927e+00 5.306350807631322608e-01
4.211788394000000046e+00 5.303209537742168411e-01
4.213139626000000248e+00 5.300075045319654343e-01
4.214490856999999480e+00 5.296846337050249431e-01
4.215842088999999682e+00 5.293595982019767554e-01
4.217193320000000689e+00 5.290370413605663957e-01
4.218544552000000003e+00 5.287217203532404985e-01
4.219895783000000122e+00 5.283978727489281324e-01
4.221247013999999353e+00 5.280612326736123796e-01
4.222598245999999556e+00 5.277280148511080959e-01
4.223949476999999675e+00 5.273923985254549418e-01
4.225300708999999877e+00 5.270349646584808756e-01
4.226651939999999996e+00 5.266660082774823337e-01
4.228003171999999310e+00 5.262699749035871788e-01
4.229354403000000318e+00 5.258502763033969796e-01
4.230705633999999549e+00 5.254038178948333693e-01
4.232056865999999751e+00 5.249436501608643058e-01
4.233408097000000758e+00 5.244692470599583434e-01
4.234759329000000072e+00 5.239571578270083574e-01
4.236110560000000191e+00 5.234030456303191414e-01
4.237461792000000393e+00 5.228286172034501966e-01
4.238813022999999625e+00 5.222089656361089682e-01
4.240164254999999827e+00 5.215288301758130851e-01
4.241515485999999946e+00 5.207940941124848955e-01
4.242866717000000065e+00 5.200019539546727465e-01
4.244217949000000267e+00 5.191079156086760849e-01
4.245569180000000387e+00 5.180830706976587985e-01
4.246920412000000589e+00 5.169433363962936401e-01
4.248271642999999820e+00 5.156748630530566535e-01
4.249622875000000022e+00 5.142711460651684385e-01
4.250974105999999253e+00 5.126522880856660969e-01
4.252325337999999455e+00 5.108789649829348356e-01
4.253676569000000462e+00 5.089355063298454107e-01
4.255027799999999694e+00 5.068001804034439894e-01
4.256379031999999896e+00 5.044261418320226120e-01
4.257730263000000015e+00 5.018212592013672202e-01
4.259081495000000217e+00 4.989843157451825939e-01
4.260432726000000336e+00 4.959048568511472133e-01
4.261783957999999650e+00 4.925601078081606743e-01
4.263135188999999770e+00 4.888524742430282455e-01
4.264486419999999889e+00 4.848401047446801448e-01
4.265837652000000091e+00 4.805270061726113484e-01
4.267188883000000210e+00 4.759221897113796174e-01
4.268540114999999524e+00 4.709056378185745850e-01
4.269891346000000532e+00 4.655356383577105017e-01
4.271242578000000734e+00 4.598671933966513858e-01
4.272593808999999965e+00 4.538975681353283331e-01
4.273945041000000167e+00 4.475575231705817281e-01
4.275296271999999398e+00 4.408281831680765928e-01
4.276647503000000405e+00 4.338113584051407901e-01
4.277998734999999719e+00 4.265233481658748937e-01
4.279349965999999839e+00 4.189368800772347856e-01
4.280701198000000041e+00 4.109116741578480170e-01
4.282052429000000160e+00 4.026655353049352626e-01
4.283403661000000362e+00 3.941978196987886429e-01
4.284754891999999593e+00 3.855303900461357625e-01
4.286106122999999712e+00 3.764973673778820862e-01
4.287457354999999914e+00 3.673140208099756610e-01
4.288808586000000034e+00 3.580125573616106949e-01
4.290159818000000236e+00 3.486220845604302010e-01
4.291511048999999467e+00 3.390124023618351634e-01
4.292862280999999669e+00 3.293484860595367603e-01
4.294213512000000676e+00 3.196873635358064014e-01
4.295564743999999990e+00 3.100178926279248404e-01
4.296915975000000110e+00 3.002862346281022776e-01
4.298267206000000229e+00 2.905930951016190700e-01
4.299618438000000431e+00 2.809657292268769591e-01
4.300969668999999662e+00 2.714242773505540773e-01
4.302320900999999864e+00 2.619503979265558891e-01
4.303672131999999984e+00 2.525768540989565825e-01
4.305023363999999297e+00 2.433738745741954868e-01
4.306374595000000305e+00 2.343261381423809020e-01
4.307725825999999536e+00 2.254309201931196938e-01
4.309077057999999738e+00 2.167298144156461770e-01
4.310428289000000746e+00 2.082266292323170787e-01
4.311779521000000059e+00 1.999352986944018806e-01
4.313130752000000179e+00 1.918588842429951591e-01
4.314481984000000381e+00 1.839893078353580791e-01
4.315833214999999612e+00 1.763447755431519215e-01
4.317184446999999814e+00 1.689339866590909567e-01
4.318535677999999933e+00 1.617305954189791617e-01
4.319886909000000053e+00 1.547505889269187862e-01
4.321238141000000255e+00 1.480069079622198247e-01
4.322589372000000374e+00 1.414778115229202160e-01
4.323940604000000576e+00 1.351681425716780849e-01
4.325291834999999807e+00 1.290875443746326290e-01
4.326643067000000009e+00 1.232150326034992527e-01
4.327994297999999240e+00 1.175568078087863289e-01
4.329345529999999442e+00 1.121162387400418542e-01
4.330696761000000450e+00 1.068753348421503657e-01
4.332047991999999681e+00 1.018367584620414740e-01
4.333399223999999883e+00 9.698802989344085246e-02
4.334750455000000002e+00 9.233475091073910235e-02
4.336101687000000204e+00 8.787410195470836405e-02
4.337452918000000324e+00 8.358441227483898173e-02
4.338804149999999638e+00 7.946868384486470427e-02
4.340155380999999757e+00 7.553221287460448741e-02
4.341506611999999876e+00 7.175554686192153753e-02
4.342857844000000078e+00 6.813419829441444420e-02
4.344209075000000198e+00 6.466991696606542994e-02
4.345560306999999511e+00 6.136226775492393398e-02
4.346911538000000519e+00 5.820537768112454130e-02
4.348262769999999833e+00 5.519115472030833996e-02
4.349614000999999952e+00 5.230790225523056225e-02
4.350965233000000154e+00 4.956519300999660815e-02
4.352316464000000273e+00 4.695150704724950635e-02
4.353667695000000393e+00 4.445747770416311889e-02
4.355018926999999707e+00 4.208018800695807748e-02
4.356370157999999826e+00 3.982551951192300765e-02
4.357721390000000028e+00 3.767726418218639295e-02
4.359072621000000147e+00 3.563182767316884492e-02
4.360423853000000349e+00 3.368312228028593619e-02
4.361775083999999580e+00 3.184558117005661937e-02
4.363126315000000588e+00 3.009843596857669779e-02
4.364477547000000790e+00 2.843690108783757456e-02
4.365828778000000021e+00 2.685642199301017594e-02
4.367180010000000223e+00 2.537177136585651652e-02
4.368531240999999454e+00 2.396191042085518350e-02
4.369882472999999656e+00 2.262296438489255768e-02
4.371233703999999776e+00 2.135162007924020638e-02
4.372584935999999978e+00 2.015885330043113571e-02
4.373936167000000097e+00 1.902809803789918403e-02
4.375287398000000216e+00 1.795455862243226092e-02
4.376638630000000418e+00 1.694181073821636463e-02
4.377989860999999649e+00 1.599544377125044700e-02
4.379341092999999852e+00 1.509880422607989131e-02
4.380692323999999971e+00 1.424284676383514962e-02
4.382043555999999285e+00 1.343319949479457667e-02
4.383394787000000292e+00 1.267657771908455890e-02
4.384746017999999523e+00 1.196339106287996022e-02
4.386097249999999725e+00 1.128245302113452773e-02
4.387448481000000733e+00 1.064431844115740905e-02
4.388799713000000047e+00 1.004736277165732203e-02
4.390150944000000166e+00 9.486411171176814192e-03
4.391502176000000368e+00 8.948917090990547371e-03
4.392853406999999599e+00 8.448725983125035185e-03
4.394204638999999801e+00 7.980254007127157365e-03
4.395555869999999921e+00 7.540610770425404570e-03
4.396907101000000040e+00 7.113962775347484717e-03
4.398258332999999354e+00 6.719373073292607065e-03
4.399609564000000361e+00 6.351528221919451080e-03
4.400960796000000563e+00 6.007141053493100270e-03
4.402312026999999794e+00 5.674315913009445912e-03
4.403663258999999996e+00 5.364913716982526101e-03
4.405014489999999228e+00 5.078749923917088259e-03
4.406365721999999430e+00 4.807001819432490594e-03
4.407716953000000437e+00 4.542349484549597707e-03
4.409068183999999668e+00 4.294407205920616581e-03
4.410419415999999870e+00 4.068889982280154798e-03
4.411770646999999990e+00 3.857327583984593560e-03
4.413121879000000192e+00 3.654375624224996850e-03
4.414473110000000311e+00 3.461910278701612470e-03
4.415824341999999625e+00 3.288854251865798960e-03
4.417175573000000632e+00 3.120889211537452006e-03
4.418526803999999863e+00 2.958831284288607720e-03
4.419878036000000066e+00 2.802786449876606273e-03
4.421229266999999297e+00 2.667034077600299001e-03
4.422580498999999499e+00 2.534723938160201012e-03
4.423931730000000506e+00 2.406303405664572508e-03
4.425282961999999820e+00 2.282212164739629966e-03
4.426634192999999939e+00 2.172125307862965166e-03
4.427985425000000141e+00 2.066748012710473495e-03
4.429336656000000261e+00 1.963060882073547862e-03
4.430687887000000380e+00 1.865673496900812148e-03
4.432039118999999694e+00 1.778145251346592700e-03
4.433390349999999813e+00 1.696404113580286550e-03
4.434741582000000015e+00 1.612751551933833431e-03
4.436092813000000135e+00 1.536094320298580194e-03
4.437444045000000337e+00 1.465979192939587334e-03
4.438795275999999568e+00 1.402451918310178205e-03
4.440146507000000575e+00 1.333680711025249594e-03
4.441497739000000777e+00 1.271318837878894969e-03
4.442848970000000008e+00 1.214462895154347485e-03
4.444200202000000210e+00 1.162011483076820203e-03
4.445551432999999442e+00 1.104277752119417824e-03
4.446902664999999644e+00 1.050393276254627190e-03
4.448253895999999763e+00 1.004822719306077642e-03
4.449605127999999965e+00 9.664275634128670963e-04
4.450956359000000084e+00 9.261662323958387609e-04
4.452307590000000204e+00 8.850655315908441357e-04
4.453658822000000406e+00 8.503765586957136259e-04
4.455010052999999637e+00 8.154831724837616333e-04
4.456361284999999839e+00 7.795296903061435696e-04
4.457712515999999958e+00 7.405969388644682069e-04
4.459063747999999272e+00 7.099575246906420552e-04
4.460414979000000280e+00 6.803142025702364152e-04
4.461766211000000482e+00 6.503663863966056705e-04
4.463117441999999713e+00 6.198559690885931117e-04
4.464468673000000720e+00 5.972066096596364421e-04
4.465819905000000034e+00 5.785506864227180860e-04
4.467171136000000153e+00 5.559319868867839505e-04
4.468522368000000355e+00 5.301118629057521630e-04
4.469873598999999587e+00 5.061388735163119615e-04
4.471224831000000677e+00 4.868717094446259244e-04
4.472576061999999908e+00 4.630669798573235768e-04
4.473927293000000027e+00 4.416775807123737158e-04
4.475278524999999341e+00 4.235563800902693255e-04
4.476629756000000349e+00 4.159121976138633139e-04
4.477980988000000551e+00 4.029990114584361643e-04
4.479332218999999782e+00 3.869729994734315563e-04
4.480683450999999984e+00 3.707002097403929255e-04
4.482034682000000103e+00 3.592014284448717763e-04
4.483385914000000305e+00 3.467578617342790409e-04
4.484737145000000424e+00 3.294786689210518153e-04
4.486088375999999656e+00 3.156341005076531651e-04
4.487439607999999858e+00 3.047879058853121786e-04
4.488790838999999977e+00 2.967550963559550080e-04
4.490142071000000179e+00 2.804362554163649887e-04
4.491493302000000298e+00 2.667271531732947633e-04
4.492844533999999612e+00 2.553237361201417927e-04
4.494195765000000620e+00 2.472156598290473680e-04
4.495546995999999851e+00 2.364727881389900742e-04
4.496898228000000053e+00 2.268338992218033165e-04
4.498249458999999284e+00 2.226883137727296341e-04
4.499600690999999486e+00 2.177344723875214872e-04
4.500951922000000494e+00 2.103874964290222964e-04
4.502303153999999807e+00 1.995729082850718217e-04
4.503654384999999927e+00 1.960079456259313413e-04
4.505005617000000129e+00 1.917477507472006859e-04
4.506356848000000248e+00 1.857919792174108080e-04
4.507708079000000367e+00 1.735026777574233110e-04
4.509059310999999681e+00 1.661402260520074942e-04
4.510410541999999801e+00 1.617291218761316058e-04
4.511761774000000003e+00 1.551831902573185885e-04
4.513113005000000122e+00 1.473715091597602612e-04
4.514464237000000324e+00 1.409378560548483963e-04
4.515815467999999555e+00 1.392716086348200623e-04
4.517166699000000563e+00 1.308696954717007200e-04
4.518517930999999876e+00 1.190642987791014188e-04
4.519869161999999996e+00 1.103796399359215769e-04
4.521220394000000198e+00 1.093668348074582102e-04
4.522571624999999429e+00 1.079818528390322864e-04
4.523922856999999631e+00 1.038232708058735467e-04
4.525274087999999750e+00 9.900669220316294630e-05
4.526625319999999952e+00 9.658205623161912428e-05
4.527976551000000072e+00 9.696156255043328787e-05
4.529327782000000191e+00 9.171130125296040627e-05
4.530679014000000393e+00 8.741917126598286578e-05
4.532030244999999624e+00 8.434408278509723594e-05
4.533381476999999826e+00 8.627177948395206315e-05
4.534732707999999946e+00 8.387070844176875806e-05
4.536083940000000148e+00 7.898553212775030069e-05
4.537435171000000267e+00 7.408223217918935360e-05
4.538786403000000469e+00 7.264624702948394063e-05
4.540137633999999700e+00 7.206887328191658999e-05
4.541488864999999819e+00 6.825965521226718498e-05
4.542840097000000021e+00 6.497217620091338475e-05
4.544191328000000141e+00 6.233911571382987603e-05
4.545542559999999455e+00 6.095399171982349439e-05
4.546893791000000462e+00 5.780974095930009599e-05
4.548245023000000664e+00 5.576677232039042186e-05
4.549596253999999895e+00 5.619818936125280622e-05
4.550947485000000015e+00 5.532686454615225034e-05
4.552298716999999328e+00 5.238195726892996222e-05
4.553649948000000336e+00 4.806005572917519843e-05
4.555001180000000538e+00 4.788001237261741864e-05
4.556352410999999769e+00 4.864506762456776259e-05
4.557703642999999971e+00 4.753948375233513939e-05
4.559054874000000090e+00 4.158662767167872938e-05
4.560406106000000293e+00 3.921084356919293194e-05
4.561757337000000412e+00 4.032581396287587849e-05
4.563108567999999643e+00 4.079997518865025030e-05
4.564459799999999845e+00 3.913456097099283798e-05
4.565811030999999964e+00 3.546059243109099670e-05
4.567162263000000166e+00 3.469642211743568583e-05
4.568513493999999397e+00 3.365452081558574027e-05
4.569864725999999600e+00 3.280273967875996254e-05
4.571215957000000607e+00 3.067521554976387655e-05
4.572567187999999838e+00 2.978748848699013047e-05
4.573918420000000040e+00 3.004451780840753665e-05
4.575269650999999271e+00 2.840624847390773471e-05
4.576620882999999473e+00 2.659742686106789182e-05
4.577972114000000481e+00 2.459468882655917906e-05
4.579323345999999795e+00 2.489790100852242911e-05
4.580674576999999914e+00 2.394055689756751100e-05
4.582025809000000116e+00 2.180625863328823863e-05
4.583377040000000235e+00 1.802743156625201594e-05
4.584728271000000355e+00 1.642313946423856719e-05
4.586079502999999669e+00 1.638013584744947571e-05
4.587430733999999788e+00 1.494146442719315976e-05
4.588781965999999990e+00 1.444412245297950301e-05
4.590133197000000109e+00 1.483258010709414605e-05
4.591484429000000311e+00 1.616490262091288785e-05
4.592835659999999542e+00 1.595315625583242525e-05
4.594186891000000550e+00 1.508507460341424833e-05
4.595538122999999864e+00 1.366147392499981508e-05
4.596889353999999983e+00 1.354000974447410525e-05
4.598240586000000185e+00 1.393372472395284017e-05
4.599591817000000304e+00 1.252574875376647876e-05
4.600943049000000507e+00 1.175154836246668630e-05
4.602294281000000709e+00 0.000000000000000000e+00
4.603645513000000022e+00 0.000000000000000000e+00
