# WAVELENGTH THROUGHPUT
2.298648794999999190e+00 0.000000000000000000e+00
2.299849760999999493e+00 0.000000000000000000e+00
2.301050726999999796e+00 1.487459444556851319e-06
2.302251693000000099e+00 1.578209871046737694e-06
2.303452658999999958e+00 1.760102898162084435e-06
2.304653624999999817e+00 2.043880068742742589e-06
2.305854590999999676e+00 2.388651316095081673e-06
2.307055556999999979e+00 2.653513967864177780e-06
2.308256522999999838e+00 3.005676767782397958e-06
2.309457488000000058e+00 3.491634355378087087e-06
2.310658453999999917e+00 3.858884226024694159e-06
2.311859419999999776e+00 4.544455730210082375e-06
2.313060386000000079e+00 5.390505743688305401e-06
2.314261351999999938e+00 6.310103862501561008e-06
2.315462317999999797e+00 7.037466203026173605e-06
2.316663284000000100e+00 8.486068730237406201e-06
2.317864249999999959e+00 9.817895650396246828e-06
2.319065215999999818e+00 1.100990868108588223e-05
2.320266181999999677e+00 1.322734690959140284e-05
2.321467147999999980e+00 1.603680928205965391e-05
2.322668113999999839e+00 1.857576210106527971e-05
2.323869080000000142e+00 2.088713387876336617e-05
2.325070046000000001e+00 2.478251754538237175e-05
2.326271012000000304e+00 2.751938462141936465e-05
2.327471977000000081e+00 3.140960961881648374e-05
2.328672942999999940e+00 3.691674028753471351e-05
2.329873908999999799e+00 4.312283592540713958e-05
2.331074874999999658e+00 4.788216962429726740e-05
2.332275840999999961e+00 5.393352960598733390e-05
2.333476806999999820e+00 6.228191217646814417e-05
2.334677772999999679e+00 6.948724224093146364e-05
2.335878739000000426e+00 7.998897323552472992e-05
2.337079705000000285e+00 9.248490762296879752e-05
2.338280671000000144e+00 1.070548375936160426e-04
2.339481637000000003e+00 1.208153645792785924e-04
2.340682603000000306e+00 1.386748872532964484e-04
2.341883569000000165e+00 1.586834962173738436e-04
2.343084535000000024e+00 1.803139476584661644e-04
2.344285500999999883e+00 2.067822165303546814e-04
2.345486465999999659e+00 2.372933386179186641e-04
2.346687431999999962e+00 2.724173949415079955e-04
2.347888398000000265e+00 3.124903759599694398e-04
2.349089364000000124e+00 3.617438443994834226e-04
2.350290329999999983e+00 4.212456193582016575e-04
2.351491296000000286e+00 4.928298525633042094e-04
2.352692262000000145e+00 5.781174716107585375e-04
2.353893228000000004e+00 6.855367646267869529e-04
2.355094193999999863e+00 8.126562241305654863e-04
2.356295160000000166e+00 9.674872580115762444e-04
2.357496126000000025e+00 1.160604983156159108e-03
2.358697091999999884e+00 1.396660584312144982e-03
2.359898058000000187e+00 1.661944914484647564e-03
2.361099024000000046e+00 1.974998811806843915e-03
2.362299989000000267e+00 2.358198051548358182e-03
2.363500955000000125e+00 2.755581162361246846e-03
2.364701920999999984e+00 3.233208959476709457e-03
2.365902887000000288e+00 3.782631989414920494e-03
2.367103853000000147e+00 4.387962297660621437e-03
2.368304819000000006e+00 4.966471260663066732e-03
2.369505784999999864e+00 5.623705364852253988e-03
2.370706751000000168e+00 6.322037024236054105e-03
2.371907717000000027e+00 7.000966485590127096e-03
2.373108682999999886e+00 7.771001875934022834e-03
2.374309648999999744e+00 8.539794514862362670e-03
2.375510615000000048e+00 9.314566002041944556e-03
2.376711580999999907e+00 1.010979463798960566e-02
2.377912546999999766e+00 1.098258495503705995e-02
2.379113512999999624e+00 1.193711271136324234e-02
2.380314477999999845e+00 1.299469818930163931e-02
2.381515444000000148e+00 1.418952307103361378e-02
2.382716410000000007e+00 1.554462921469230638e-02
2.383917375999999866e+00 1.708426437285619562e-02
2.385118342000000169e+00 1.885301469446702682e-02
2.386319308000000028e+00 2.089808808049617439e-02
2.387520273999999887e+00 2.327667043666428737e-02
2.388721239999999746e+00 2.604678971963809639e-02
2.389922206000000049e+00 2.928199406203223915e-02
2.391123171999999908e+00 3.308014850317294447e-02
2.392324137999999767e+00 3.749466577207789114e-02
2.393525103999999626e+00 4.263023146552450543e-02
2.394726070000000373e+00 4.856339114693062481e-02
2.395927036000000232e+00 5.534510930154064312e-02
2.397128002000000091e+00 6.298182154205948791e-02
2.398328966999999867e+00 7.146849376147160204e-02
2.399529932999999726e+00 8.071805534918201352e-02
2.400730899000000029e+00 9.053716508638945393e-02
2.401931864999999888e+00 1.007743555098413180e-01
2.403132830999999747e+00 1.111605188543791506e-01
2.404333796999999606e+00 1.213864249794294331e-01
2.405534762999999909e+00 1.311586503718447372e-01
2.406735729000000212e+00 1.403341694257648764e-01
2.407936695000000071e+00 1.486922855506721264e-01
2.409137661000000374e+00 1.561779584158111411e-01
2.410338627000000233e+00 1.628699274262626340e-01
2.411539593000000092e+00 1.688455290142097942e-01
2.412740558999999951e+00 1.742473342553635118e-01
2.413941525000000254e+00 1.793180593485008689e-01
2.415142491000000113e+00 1.844037683420105544e-01
2.416343455999999890e+00 1.896154526766596349e-01
2.417544421999999749e+00 1.952545491262572264e-01
2.418745387999999608e+00 2.014914692104345373e-01
2.419946354000000355e+00 2.083643928083545871e-01
2.421147320000000214e+00 2.158249944108805440e-01
2.422348286000000073e+00 2.238306289663831994e-01
2.423549251999999932e+00 2.322319768949603347e-01
2.424750218000000235e+00 2.407487005348141751e-01
2.425951184000000094e+00 2.490419638571040595e-01
2.427152149999999953e+00 2.569590671930975789e-01
2.428353116000000256e+00 2.643005647437263184e-01
2.429554082000000115e+00 2.707807874410978477e-01
2.430755047999999974e+00 2.765237512044216861e-01
2.431956013999999833e+00 2.814766683769728828e-01
2.433156980000000136e+00 2.856769189313250190e-01
2.434357945000000356e+00 2.891677262789241198e-01
2.435558911000000215e+00 2.923096642868371342e-01
2.436759877000000074e+00 2.951727510997350645e-01
2.437960842999999933e+00 2.978826739986073502e-01
2.439161809000000236e+00 3.007474513191976673e-01
2.440362775000000095e+00 3.037776905550465534e-01
2.441563740999999954e+00 3.070102346626940037e-01
2.442764706999999813e+00 3.104820229763003980e-01
2.443965673000000116e+00 3.144090108824552088e-01
2.445166638999999975e+00 3.185960462513499625e-01
2.446367604999999834e+00 3.231423695027958454e-01
2.447568570999999693e+00 3.280817368765415742e-01
2.448769536999999996e+00 3.332919209524658477e-01
2.449970502999999855e+00 3.384351217230983644e-01
2.451171468999999714e+00 3.435298006485542621e-01
2.452372433999999934e+00 3.485951172885524141e-01
2.453573400000000237e+00 3.537555452274756540e-01
2.454774366000000096e+00 3.586963901681157751e-01
2.455975331999999955e+00 3.633884073732696063e-01
2.457176297999999814e+00 3.678024971862636217e-01
2.458377264000000118e+00 3.720337470259840185e-01
2.459578229999999976e+00 3.757931521574034983e-01
2.460779195999999835e+00 3.791099947454906749e-01
2.461980161999999694e+00 3.820901623951294956e-01
2.463181127999999998e+00 3.845045344871143578e-01
2.464382093999999856e+00 3.865353446675564020e-01
2.465583059999999715e+00 3.882525050607194550e-01
2.466784026000000019e+00 3.897488688105031907e-01
2.467984992000000322e+00 3.908102217604759732e-01
2.469185958000000181e+00 3.917160609738337129e-01
2.470386922999999957e+00 3.925471096449513198e-01
2.471587888999999816e+00 3.933604986313073981e-01
2.472788854999999675e+00 3.939014477947240245e-01
2.473989820999999978e+00 3.943433378453134464e-01
2.475190786999999837e+00 3.947109679961702811e-01
2.476391752999999696e+00 3.950366704091502479e-01
2.477592718999999999e+00 3.953326935666747199e-01
2.478793685000000302e+00 3.957022353548637628e-01
2.479994651000000161e+00 3.960748049373620794e-01
2.481195617000000020e+00 3.962963822701956462e-01
2.482396583000000323e+00 3.966533824770434036e-01
2.483597549000000182e+00 3.970008402240898238e-01
2.484798515000000041e+00 3.972844065545538261e-01
2.485999480999999900e+00 3.974165364866098504e-01
2.487200445999999676e+00 3.976428572467960443e-01
2.488401411999999979e+00 3.977462964921665844e-01
2.489602377999999838e+00 3.977618344814114471e-01
2.490803344000000141e+00 3.978024777455028138e-01
2.492004310000000000e+00 3.977526785040693680e-01
2.493205276000000303e+00 3.976298786578023603e-01
2.494406242000000162e+00 3.974275158293910093e-01
2.495607208000000021e+00 3.971440643407851412e-01
2.496808173999999880e+00 3.967821599035791791e-01
2.498009140000000183e+00 3.963450279176743973e-01
2.499210106000000042e+00 3.958349322270927617e-01
2.500411071999999901e+00 3.952567494480593302e-01
2.501612038000000204e+00 3.946136398767776110e-01
2.502813004000000063e+00 3.939198463417065144e-01
2.504013969999999922e+00 3.931851928493431125e-01
2.505214935000000143e+00 3.924278088200978121e-01
2.506415901000000002e+00 3.916436609657030776e-01
2.507616867000000305e+00 3.908467150128813183e-01
2.508817833000000164e+00 3.900570621308447894e-01
2.510018799000000023e+00 3.892776529674309982e-01
2.511219764999999882e+00 3.885298071428706645e-01
2.512420731000000185e+00 3.878135902002084467e-01
2.513621697000000044e+00 3.871393276693342322e-01
2.514822662999999903e+00 3.865036568347949841e-01
2.516023628999999762e+00 3.859234659631277653e-01
2.517224595000000065e+00 3.854064407794718372e-01
2.518425560999999924e+00 3.849443859558669967e-01
2.519626526999999783e+00 3.845531811307006387e-01
2.520827492999999642e+00 3.842340768950133767e-01
2.522028458999999945e+00 3.839672648736924265e-01
2.523229424000000165e+00 3.837841690770088521e-01
2.524430390000000024e+00 3.836788142043125460e-01
2.525631355999999883e+00 3.836420068458727406e-01
2.526832322000000186e+00 3.836778776428265147e-01
2.528033288000000045e+00 3.837905833131806110e-01
2.529234253999999904e+00 3.839736300049264028e-01
2.530435219999999763e+00 3.842370293988795482e-01
2.531636186000000066e+00 3.845945995144474105e-01
2.532837151999999925e+00 3.850129476091156411e-01
2.534038117999999784e+00 3.854826318418630438e-01
2.535239083999999643e+00 3.860128695616403260e-01
2.536440049999999946e+00 3.865974551497062262e-01
2.537641016000000249e+00 3.872174575650511041e-01
2.538841982000000108e+00 3.878746103695318026e-01
2.540042947999999967e+00 3.885703177214072657e-01
2.541243912999999743e+00 3.892637979370512369e-01
2.542444879000000046e+00 3.899829801453888467e-01
2.543645844999999905e+00 3.907161115545072505e-01
2.544846810999999764e+00 3.914557898899431176e-01
2.546047777000000067e+00 3.922056422382688701e-01
2.547248742999999926e+00 3.929609458074394546e-01
2.548449708999999785e+00 3.937077280996684747e-01
2.549650674999999644e+00 3.944474794140945817e-01
2.550851641000000392e+00 3.952088821702198773e-01
2.552052607000000251e+00 3.959548888711890702e-01
2.553253573000000110e+00 3.966798991863992319e-01
2.554454538999999968e+00 3.974035927557452719e-01
2.555655505000000272e+00 3.981066054137820664e-01
2.556856471000000131e+00 3.987608881546606532e-01
2.558057436999999990e+00 3.993988955441388766e-01
2.559258401999999766e+00 4.000348936827414770e-01
2.560459367999999625e+00 4.006057956304450163e-01
2.561660333999999928e+00 4.011527432938483129e-01
2.562861300000000231e+00 4.017006252273204181e-01
2.564062266000000090e+00 4.022132801593139573e-01
2.565263231999999949e+00 4.026758191872829018e-01
2.566464198000000252e+00 4.031293185794874723e-01
2.567665164000000111e+00 4.035766039139772610e-01
2.568866129999999970e+00 4.039741985735201824e-01
2.570067096000000273e+00 4.043905630713718891e-01
2.571268062000000132e+00 4.047438119881430207e-01
2.572469027999999991e+00 4.050760287868158671e-01
2.573669993999999850e+00 4.054248694269973474e-01
2.574870960000000153e+00 4.057518057859252902e-01
2.576071926000000012e+00 4.060663525987511235e-01
2.577272891000000232e+00 4.063715557128098621e-01
2.578473857000000091e+00 4.066901459878769498e-01
2.579674822999999950e+00 4.069725318941230796e-01
2.580875789000000253e+00 4.072534160336140907e-01
2.582076755000000112e+00 4.075933603642254988e-01
2.583277720999999971e+00 4.079136657003377131e-01
2.584478686999999830e+00 4.082356574655464643e-01
2.585679653000000133e+00 4.086087227086460105e-01
2.586880618999999992e+00 4.089747240135458428e-01
2.588081584999999851e+00 4.093175342342612599e-01
2.589282550999999710e+00 4.096736740026738488e-01
2.590483517000000013e+00 4.100618973868401240e-01
2.591684482999999872e+00 4.103897337021942815e-01
2.592885448999999731e+00 4.108057093065992094e-01
2.594086413999999952e+00 4.111648455392283297e-01
2.595287380000000255e+00 4.114982947825075454e-01
2.596488346000000114e+00 4.118748221048137981e-01
2.597689311999999973e+00 4.122324802937573085e-01
2.598890277999999832e+00 4.125451030476736669e-01
2.600091244000000135e+00 4.127911046061337741e-01
2.601292209999999994e+00 4.127336544598210755e-01
2.602493175999999853e+00 4.125263986713135211e-01
2.603694141999999712e+00 4.123053492071280801e-01
2.604895108000000015e+00 4.117221343670020572e-01
2.606096073999999874e+00 4.113923350103567689e-01
2.607297039999999733e+00 4.111189899012629434e-01
2.608498005999999592e+00 4.106261049132552410e-01
2.609698972000000339e+00 4.100779466088639302e-01
2.610899938000000198e+00 4.097513382327449549e-01
2.612100902999999974e+00 4.093616659849263484e-01
2.613301868999999833e+00 4.085912331684876109e-01
2.614502834999999692e+00 4.075654805683667781e-01
2.615703800999999995e+00 4.074277573108670558e-01
2.616904766999999854e+00 4.073736554969739632e-01
2.618105732999999713e+00 4.073377120325619716e-01
2.619306699000000016e+00 4.072665873318691010e-01
2.620507664999999875e+00 4.071859470255146385e-01
2.621708631000000178e+00 4.071076366352046061e-01
2.622909597000000037e+00 4.070199929731890820e-01
2.624110563000000340e+00 4.069440715129581387e-01
2.625311529000000199e+00 4.068517895965507170e-01
2.626512495000000058e+00 4.067565937997775771e-01
2.627713460999999917e+00 4.066546379845600301e-01
2.628914427000000220e+00 4.065640345573310888e-01
2.630115391999999996e+00 4.064983246839888320e-01
2.631316357999999855e+00 4.064156260803949428e-01
2.632517323999999714e+00 4.063484946409961496e-01
2.633718290000000017e+00 4.062908591480191567e-01
2.634919256000000320e+00 4.062483479956157106e-01
2.636120222000000179e+00 4.062467811649212446e-01
2.637321188000000038e+00 4.062408568802444719e-01
2.638522153999999897e+00 4.062514716310602902e-01
2.639723120000000200e+00 4.062836325565395978e-01
2.640924086000000059e+00 4.063353780349008293e-01
2.642125051999999918e+00 4.064273130330015027e-01
2.643326018000000222e+00 4.065218405625428688e-01
2.644526984000000080e+00 4.066417626869319735e-01
2.645727949999999939e+00 4.067822550479871513e-01
2.646928915999999798e+00 4.069399781860998377e-01
2.648129881000000019e+00 4.071395281574241021e-01
2.649330847000000322e+00 4.073366091450300597e-01
2.650531813000000181e+00 4.070249696075729506e-01
2.651732779000000040e+00 4.067933598251382010e-01
2.652933744999999899e+00 4.069194544741828179e-01
2.654134711000000202e+00 4.070357025649273819e-01
2.655335677000000061e+00 4.070525810495382313e-01
2.656536642999999920e+00 4.071846099380074246e-01
2.657737608999999779e+00 4.073222882249615817e-01
2.658938575000000082e+00 4.073214734138524973e-01
2.660139540999999941e+00 4.074338680848510474e-01
2.661340506999999800e+00 4.074977312972868360e-01
2.662541473000000103e+00 4.074711221181449572e-01
2.663742438999999962e+00 4.074178725489951414e-01
2.664943404999999821e+00 4.074701163522508884e-01
2.666144370000000041e+00 4.074584479280828897e-01
2.667345335999999900e+00 4.073156066955913035e-01
2.668546302000000203e+00 4.073458981169864046e-01
2.669747268000000062e+00 4.072218777944254242e-01
2.670948233999999921e+00 4.072315616753948708e-01
2.672149199999999780e+00 4.072564301121431307e-01
2.673350166000000083e+00 4.072277526729064512e-01
2.674551131999999942e+00 4.071797722663144659e-01
2.675752097999999801e+00 4.072315720939576056e-01
2.676953063999999660e+00 4.072621463029870159e-01
2.678154029999999963e+00 4.071532842018029119e-01
2.679354995999999822e+00 4.071782578361237692e-01
2.680555962000000125e+00 4.071901656728043606e-01
2.681756927999999984e+00 4.071271455358578262e-01
2.682957894000000287e+00 4.070831014075494414e-01
2.684158859000000064e+00 4.070341247078531621e-01
2.685359824999999923e+00 4.069716950329710925e-01
2.686560790999999782e+00 4.068756073073140911e-01
2.687761757000000085e+00 4.068111533285881376e-01
2.688962722999999944e+00 4.067406266339992915e-01
2.690163688999999803e+00 4.066232674305056416e-01
2.691364654999999662e+00 4.065060092414266579e-01
2.692565621000000409e+00 4.063989255269166989e-01
2.693766587000000268e+00 4.062949818475767305e-01
2.694967553000000127e+00 4.061953036963684149e-01
2.696168518999999986e+00 4.060956932835197430e-01
2.697369485000000289e+00 4.060366472482838107e-01
2.698570451000000148e+00 4.059642301772893314e-01
2.699771417000000007e+00 4.059125042045397813e-01
2.700972382999999866e+00 4.067417173748865133e-01
2.702173347999999642e+00 4.068766085911995622e-01
2.703374313999999945e+00 4.069464149822210053e-01
2.704575279999999804e+00 4.070922239857792668e-01
2.705776246000000107e+00 4.072240826323086926e-01
2.706977211999999966e+00 4.072981615012911671e-01
2.708178178000000269e+00 4.073848895349168053e-01
2.709379144000000128e+00 4.075678444296999547e-01
2.710580109999999987e+00 4.076221240261724277e-01
2.711781076000000290e+00 4.076505503859289559e-01
2.712982042000000149e+00 4.077780368331075933e-01
2.714183008000000008e+00 4.078064685321035054e-01
2.715383973999999867e+00 4.078229462802553384e-01
2.716584940000000170e+00 4.078903310243043867e-01
2.717785906000000029e+00 4.079707675838724068e-01
2.718986871000000249e+00 4.080034456208522786e-01
2.720187837000000108e+00 4.080785451467855984e-01
2.721388802999999967e+00 4.080794899689746402e-01
2.722589769000000270e+00 4.080802590451393930e-01
2.723790735000000129e+00 4.081836813271499942e-01
2.724991700999999988e+00 4.082086458794640937e-01
2.726192666999999847e+00 4.081907731225690728e-01
2.727393633000000150e+00 4.082444587236759848e-01
2.728594599000000009e+00 4.083041462669453336e-01
2.729795564999999868e+00 4.082971485122715571e-01
2.730996530999999727e+00 4.083104022971553726e-01
2.732197497000000030e+00 4.084066387404848286e-01
2.733398462999999889e+00 4.084070638784697005e-01
2.734599428999999748e+00 4.084052528997029752e-01
2.735800395000000051e+00 4.084898018577827195e-01
2.737001360000000272e+00 4.085105515491442851e-01
2.738202326000000131e+00 4.085177491122411464e-01
2.739403291999999990e+00 4.085762367008972662e-01
2.740604257999999849e+00 4.086836525477484661e-01
2.741805224000000152e+00 4.087025992842748257e-01
2.743006190000000011e+00 4.087104163134809287e-01
2.744207155999999870e+00 4.088703998997108013e-01
2.745408121999999729e+00 4.089404500063087977e-01
2.746609088000000032e+00 4.090974487632310086e-01
2.747810053999999891e+00 4.092165203756278902e-01
2.749011019999999750e+00 4.092854146003739313e-01
2.750211985999999609e+00 4.092378744947549052e-01
2.751412951999999912e+00 4.088598478850085649e-01
2.752613918000000215e+00 4.084138824408981572e-01
2.753814884000000074e+00 4.079827591528147335e-01
2.755015848999999850e+00 4.071039913839443747e-01
2.756216815000000153e+00 4.066571135117410529e-01
2.757417781000000012e+00 4.062753959400422499e-01
2.758618746999999871e+00 4.056610814000184417e-01
2.759819712999999730e+00 4.051142880090345955e-01
2.761020679000000033e+00 4.047316382840547289e-01
2.762221644999999892e+00 4.044710206263478214e-01
2.763422610999999751e+00 4.043519185271369221e-01
2.764623577000000054e+00 4.044718619227686829e-01
2.765824543000000357e+00 4.046119785753404807e-01
2.767025509000000216e+00 4.047096491573279331e-01
2.768226475000000075e+00 4.048937097907395199e-01
2.769427440999999934e+00 4.051163631678850741e-01
2.770628407000000237e+00 4.053242592905642594e-01
2.771829373000000096e+00 4.055065886328509395e-01
2.773030337999999873e+00 4.056402915966567657e-01
2.774231303999999732e+00 4.059079404444656536e-01
2.775432269999999590e+00 4.061200790467286437e-01
2.776633236000000338e+00 4.063395137965220560e-01
2.777834202000000197e+00 4.066496592581719804e-01
2.779035168000000056e+00 4.068233892926519379e-01
2.780236134000000359e+00 4.070627484688890685e-01
2.781437100000000218e+00 4.074082978107810837e-01
2.782638066000000077e+00 4.077662261939721255e-01
2.783839031999999936e+00 4.080410899320312534e-01
2.785039998000000239e+00 4.082534944105157826e-01
2.786240964000000098e+00 4.086581584509332288e-01
2.787441929999999957e+00 4.089144677951682683e-01
2.788642895999999816e+00 4.091606306459635856e-01
2.789843862000000119e+00 4.095083691232870304e-01
2.791044827000000339e+00 4.096968112456606526e-01
2.792245793000000198e+00 4.098898943777516402e-01
2.793446759000000057e+00 4.101278096234406423e-01
2.794647724999999916e+00 4.104046232898830304e-01
2.795848691000000219e+00 4.105709023194272222e-01
2.797049657000000078e+00 4.107751331467990319e-01
2.798250622999999937e+00 4.108872468168914827e-01
2.799451588999999796e+00 4.109832570817141817e-01
2.800652555000000099e+00 4.111605234673942899e-01
2.801853520999999958e+00 4.112655646832634182e-01
2.803054486999999817e+00 4.112248534504766018e-01
2.804255453000000120e+00 4.112943194471370689e-01
2.805456418999999979e+00 4.113923327777240790e-01
2.806657384999999838e+00 4.113900591710998866e-01
2.807858350999999697e+00 4.113776034371051660e-01
2.809059315999999917e+00 4.113689236146861328e-01
2.810260282000000220e+00 4.113455505049912753e-01
2.811461248000000079e+00 4.113109447440927435e-01
2.812662213999999938e+00 4.113091873742249494e-01
2.813863179999999797e+00 4.112912675160207976e-01
2.815064146000000100e+00 4.111614726044467427e-01
2.816265111999999959e+00 4.111123362620912047e-01
2.817466077999999818e+00 4.110803844096377890e-01
2.818667043999999677e+00 4.110199141265239997e-01
2.819868009999999980e+00 4.109649865492150944e-01
2.821068975999999839e+00 4.108265786141126474e-01
2.822269941999999698e+00 4.108488943708364927e-01
2.823470908000000001e+00 4.108593066735459209e-01
2.824671874000000305e+00 4.108780394123522361e-01
2.825872839000000081e+00 4.109163331158522947e-01
2.827073804999999940e+00 4.109484608925941251e-01
2.828274770999999799e+00 4.109542291562662264e-01
2.829475737000000102e+00 4.110121822045724183e-01
2.830676702999999961e+00 4.110853990009786796e-01
2.831877668999999820e+00 4.111038463195262338e-01
2.833078634999999679e+00 4.111784133496771410e-01
2.834279600999999982e+00 4.112793056694261651e-01
2.835480567000000285e+00 4.113499645516695002e-01
2.836681533000000144e+00 4.114195997120904669e-01
2.837882499000000003e+00 4.115537046902188467e-01
2.839083465000000306e+00 4.116882925864039922e-01
2.840284431000000165e+00 4.117546055507558811e-01
2.841485397000000024e+00 4.119238076984119146e-01
2.842686362999999883e+00 4.121029503616768230e-01
2.843887327999999659e+00 4.122283788984920094e-01
2.845088293999999962e+00 4.123933949125753173e-01
2.846289259999999821e+00 4.125641503053689707e-01
2.847490225999999680e+00 4.127348596519200830e-01
2.848691191999999983e+00 4.129662134834632958e-01
2.849892158000000286e+00 4.131944936868030549e-01
2.851093124000000145e+00 4.133612485488927790e-01
2.852294090000000004e+00 4.136013909181102122e-01
2.853495056000000307e+00 4.138489081494705624e-01
2.854696022000000166e+00 4.140695522930066819e-01
2.855896988000000025e+00 4.143139336326313038e-01
2.857097953999999884e+00 4.145786644652468822e-01
2.858298920000000187e+00 4.148408315893170606e-01
2.859499886000000046e+00 4.151005141822135536e-01
2.860700851999999905e+00 4.153874939243817899e-01
2.861901817000000126e+00 4.156804594958857790e-01
2.863102782999999985e+00 4.159756945968950959e-01
2.864303749000000288e+00 4.162782491572836752e-01
2.865504715000000147e+00 4.165817296038846207e-01
2.866705681000000006e+00 4.169012177466343561e-01
2.867906646999999865e+00 4.172183189130638237e-01
2.869107613000000168e+00 4.175382520846858125e-01
2.870308579000000027e+00 4.178738469222935681e-01
2.871509544999999886e+00 4.181825685149023752e-01
2.872710511000000189e+00 4.184880912757944493e-01
2.873911477000000048e+00 4.188443024462091269e-01
2.875112442999999907e+00 4.191487435681116591e-01
2.876313408999999766e+00 4.194458775803286965e-01
2.877514375000000069e+00 4.197761032423528160e-01
2.878715340999999928e+00 4.200937047323267115e-01
2.879916306000000148e+00 4.203721021730607021e-01
2.881117272000000007e+00 4.206501039275558074e-01
2.882318237999999866e+00 4.209635496442501457e-01
2.883519204000000169e+00 4.212091632126064300e-01
2.884720170000000028e+00 4.214442759109838232e-01
2.885921135999999887e+00 4.217187446068464407e-01
2.887122101999999746e+00 4.219394829801156321e-01
2.888323068000000049e+00 4.221325570583768227e-01
2.889524033999999908e+00 4.223347272696242882e-01
2.890724999999999767e+00 4.225312595287072925e-01
2.891925965999999626e+00 4.226847629561151232e-01
2.893126931999999929e+00 4.228201965301359166e-01
2.894327897999999788e+00 4.229670011183014888e-01
2.895528864000000091e+00 4.230606459702906386e-01
2.896729830000000394e+00 4.231430753229128983e-01
2.897930795000000170e+00 4.231958653453503638e-01
2.899131761000000029e+00 4.232222401419749591e-01
2.900332726999999888e+00 4.232250786001536258e-01
2.901533692999999747e+00 4.232061481906298495e-01
2.902734659000000050e+00 4.231734287424655516e-01
2.903935624999999909e+00 4.231161545732399221e-01
2.905136590999999768e+00 4.229893048359688046e-01
2.906337556999999627e+00 4.228909493572513556e-01
2.907538523000000374e+00 4.227738981419431052e-01
2.908739489000000233e+00 4.225772397332068220e-01
2.909940455000000092e+00 4.223879068541527837e-01
2.911141420999999951e+00 4.222116469032932695e-01
2.912342387000000254e+00 4.219850252914844613e-01
2.913543353000000113e+00 4.216979269760049998e-01
2.914744318999999972e+00 4.214801531615343100e-01
2.915945283999999749e+00 4.212528879655604297e-01
2.917146249999999608e+00 4.208688811463540125e-01
2.918347215999999911e+00 4.206026587140566653e-01
2.919548182000000214e+00 4.202331505742876727e-01
2.920749148000000073e+00 4.199157172491468359e-01
2.921950114000000376e+00 4.196588726761005805e-01
2.923151080000000235e+00 4.193320327015995219e-01
2.924352046000000094e+00 4.189436845919869978e-01
2.925553011999999953e+00 4.186951133125167424e-01
2.926753978000000256e+00 4.184549363589712967e-01
2.927954944000000115e+00 4.180366660511029564e-01
2.929155909999999974e+00 4.177831601714048215e-01
2.930356875999999833e+00 4.175747128111281792e-01
2.931557842000000136e+00 4.172607466082420835e-01
2.932758807999999995e+00 4.169822106106382265e-01
2.933959773000000215e+00 4.168198246244920191e-01
2.935160739000000074e+00 4.166241497958039219e-01
2.936361704999999933e+00 4.163348984562447175e-01
2.937562671000000236e+00 4.162329891711685770e-01
2.938763637000000095e+00 4.161517102336627083e-01
2.939964602999999954e+00 4.159432605645791425e-01
2.941165568999999813e+00 4.159010366770234945e-01
2.942366535000000116e+00 4.159345807701940179e-01
2.943567500999999975e+00 4.159164873629537795e-01
2.944768466999999834e+00 4.158995611616510546e-01
2.945969433000000137e+00 4.159715815661865768e-01
2.947170398999999996e+00 4.160050303604500010e-01
2.948371364999999855e+00 4.161526326392605002e-01
2.949572330999999714e+00 4.163181650926270905e-01
2.950773295999999934e+00 4.164220984085083566e-01
2.951974262000000238e+00 4.166073871135346218e-01
2.953175228000000097e+00 4.168572506790745869e-01
2.954376193999999956e+00 4.170630102319494714e-01
2.955577159999999814e+00 4.172720425645212727e-01
2.956778126000000118e+00 4.175330151703732229e-01
2.957979091999999977e+00 4.177971113468153530e-01
2.959180057999999836e+00 4.180705036378623562e-01
2.960381023999999694e+00 4.183500811223522797e-01
2.961581989999999998e+00 4.186276920771991872e-01
2.962782955999999857e+00 4.189179997824530322e-01
2.963983921999999716e+00 4.192047438948147131e-01
2.965184887999999575e+00 4.195064588876794565e-01
2.966385854000000322e+00 4.197972040628624724e-01
2.967586820000000181e+00 4.201050505206359031e-01
2.968787784999999957e+00 4.203755404634592074e-01
2.969988750999999816e+00 4.207139039650422685e-01
2.971189717000000119e+00 4.209693083048560158e-01
2.972390682999999978e+00 4.211876334167024005e-01
2.973591648999999837e+00 4.214816438343386151e-01
2.974792614999999696e+00 4.217276942021606079e-01
2.975993580999999999e+00 4.219181497683479609e-01
2.977194546999999858e+00 4.221751152945659724e-01
2.978395512999999717e+00 4.224587605920444022e-01
2.979596479000000020e+00 4.226230799580109609e-01
2.980797445000000323e+00 4.227869500758817400e-01
2.981998411000000182e+00 4.231176741526568308e-01
2.983199377000000041e+00 4.233232012781508180e-01
2.984400342999999900e+00 4.234757245377038792e-01
2.985601309000000203e+00 4.237365137522472458e-01
2.986802273999999979e+00 4.239798400353319008e-01
2.988003239999999838e+00 4.241488481866749760e-01
2.989204205999999697e+00 4.243406497017954693e-01
2.990405172000000000e+00 4.246623055740728625e-01
2.991606138000000303e+00 4.248149041609352028e-01
2.992807104000000162e+00 4.249714745510027036e-01
2.994008070000000021e+00 4.253282747722791912e-01
2.995209036000000324e+00 4.255528370613971823e-01
2.996410002000000183e+00 4.258512262959755490e-01
2.997610968000000042e+00 4.261412949894503588e-01
2.998811933999999901e+00 4.263447865576110996e-01
3.000012900000000204e+00 4.266282217684462807e-01
3.001213866000000063e+00 4.270201889566482278e-01
3.002414831999999922e+00 4.272629107372508117e-01
3.003615797999999781e+00 4.275207806757181372e-01
3.004816763000000002e+00 4.279400643846638097e-01
3.006017729000000305e+00 4.282943559851580817e-01
3.007218695000000164e+00 4.285954089492671759e-01
3.008419661000000023e+00 4.289812302308886882e-01
3.009620626999999882e+00 4.294030507524772555e-01
3.010821593000000185e+00 4.297333668086533165e-01
3.012022559000000044e+00 4.301090587631078432e-01
3.013223524999999903e+00 4.305778896482262974e-01
3.014424491000000206e+00 4.309337853258944362e-01
3.015625457000000065e+00 4.312932211356440559e-01
3.016826422999999924e+00 4.317221842206507287e-01
3.018027388999999783e+00 4.321419466471800308e-01
3.019228355000000086e+00 4.325360620851242399e-01
3.020429320999999945e+00 4.329350184082664255e-01
3.021630286999999804e+00 4.332849159578002762e-01
3.022831252000000024e+00 4.336304432438425893e-01
3.024032217999999883e+00 4.340161968789668090e-01
3.025233184000000186e+00 4.343336490966341890e-01
3.026434150000000045e+00 4.346398707425462860e-01
3.027635115999999904e+00 4.349287379265530662e-01
3.028836081999999763e+00 4.351985847843994892e-01
3.030037048000000066e+00 4.354717387067122414e-01
3.031238013999999925e+00 4.357047764918395294e-01
3.032438979999999784e+00 4.359050510620315899e-01
3.033639945999999643e+00 4.361059400930176744e-01
3.034840911999999946e+00 4.362872614024141948e-01
3.036041877999999805e+00 4.364091759010859106e-01
3.037242843999999664e+00 4.365340046995830336e-01
3.038443810000000411e+00 4.366440532988237755e-01
3.039644776000000270e+00 4.366876667606233164e-01
3.040845741000000046e+00 4.367235932406591803e-01
3.042046706999999905e+00 4.368046501893735334e-01
3.043247672999999764e+00 4.368228246396352876e-01
3.044448639000000068e+00 4.367636765922678355e-01
3.045649604999999926e+00 4.367688655563393141e-01
3.046850570999999785e+00 4.366665910615836754e-01
3.048051536999999644e+00 4.366535741604675169e-01
3.049252502999999948e+00 4.366251608338171941e-01
3.050453469000000251e+00 4.365228127954562942e-01
3.051654435000000110e+00 4.364111143467170328e-01
3.052855400999999969e+00 4.363528302561314187e-01
3.054056367000000272e+00 4.362933393767645662e-01
3.055257333000000131e+00 4.361543668938610563e-01
3.056458298999999990e+00 4.361074227434349471e-01
3.057659263999999766e+00 4.360709733952779499e-01
3.058860229999999625e+00 4.359692850924740681e-01
3.060061195999999928e+00 4.359562975620925318e-01
3.061262161999999787e+00 4.359836871228298105e-01
3.062463128000000090e+00 4.359940197665462258e-01
3.063664094000000393e+00 4.360103998723828256e-01
3.064865060000000252e+00 4.360962785789808671e-01
3.066066026000000111e+00 4.362227970791189291e-01
3.067266991999999970e+00 4.362928849930978181e-01
3.068467958000000273e+00 4.364410736627541976e-01
3.069668924000000132e+00 4.366064596987327406e-01
3.070869889999999991e+00 4.367585623779368098e-01
3.072070855999999850e+00 4.369599239225045451e-01
3.073271822000000153e+00 4.371573032017395111e-01
3.074472788000000012e+00 4.373591158948216262e-01
3.075673753000000232e+00 4.375792718831874595e-01
3.076874719000000091e+00 4.377978092865036919e-01
3.078075684999999950e+00 4.380442853978839257e-01
3.079276651000000253e+00 4.382489593776601189e-01
3.080477617000000112e+00 4.384358758620778285e-01
3.081678582999999971e+00 4.386239396217445630e-01
3.082879549000000274e+00 4.387604184814805630e-01
3.084080515000000133e+00 4.388600896633065851e-01
3.085281480999999992e+00 4.388877128144220707e-01
3.086482446999999851e+00 4.388641680251106902e-01
3.087683413000000154e+00 4.387040033787928395e-01
3.088884379000000013e+00 4.384351722496269699e-01
3.090085344999999872e+00 4.381339544413786480e-01
3.091286310999999731e+00 4.375994741869752014e-01
3.092487277000000034e+00 4.368847580177758205e-01
3.093688242000000255e+00 4.360348594996651950e-01
3.094889208000000114e+00 4.349621860827590503e-01
3.096090173999999973e+00 4.336594965355639597e-01
3.097291139999999832e+00 4.321147531391479890e-01
3.098492106000000135e+00 4.301858625553831583e-01
3.099693071999999994e+00 4.279391517973327730e-01
3.100894037999999853e+00 4.254586720635198382e-01
3.102095003999999712e+00 4.225221761177528346e-01
3.103295970000000015e+00 4.191403697621814417e-01
3.104496935999999874e+00 4.154106649596746026e-01
3.105697901999999733e+00 4.112200904488826914e-01
3.106898868000000036e+00 4.064864865404592131e-01
3.108099833999999895e+00 4.013200383125912207e-01
3.109300800000000198e+00 3.957202702325713362e-01
3.110501766000000057e+00 3.894950154107381102e-01
3.111702730999999833e+00 3.827607740957366667e-01
3.112903697000000136e+00 3.756232905380148535e-01
3.114104662999999995e+00 3.679267454053131159e-01
3.115305628999999854e+00 3.596848153486505439e-01
3.116506594999999713e+00 3.510293242268301417e-01
3.117707561000000016e+00 3.419485998769571378e-01
3.118908526999999875e+00 3.323736555886241395e-01
3.120109492999999734e+00 3.224489400547339568e-01
3.121310458999999593e+00 3.122657568413262918e-01
3.122511425000000340e+00 3.016926343636133212e-01
3.123712391000000199e+00 2.909435472263617317e-01
3.124913357000000058e+00 2.799544863934277372e-01
3.126114322999999917e+00 2.688204390717273129e-01
3.127315289000000220e+00 2.576165508392008752e-01
3.128516255000000079e+00 2.463939231833567056e-01
3.129717219999999855e+00 2.351560828453493346e-01
3.130918185999999714e+00 2.239938382089623481e-01
3.132119152000000017e+00 2.130128665213009420e-01
3.133320117999999876e+00 2.021475381760232670e-01
3.134521084000000180e+00 1.915048817933228120e-01
3.135722050000000038e+00 1.811489283796198779e-01
3.136923016000000342e+00 1.710749312564618652e-01
3.138123982000000201e+00 1.613239515834734850e-01
3.139324948000000060e+00 1.519252494231931316e-01
3.140525913999999919e+00 1.429109398480254423e-01
3.141726880000000222e+00 1.342663455884977874e-01
3.142927846000000081e+00 1.260212069215649877e-01
3.144128811999999940e+00 1.181992445930454411e-01
3.145329777999999799e+00 1.107603545904598946e-01
3.146530744000000102e+00 1.037318613118612259e-01
3.147731709000000322e+00 9.709472953332753953e-02
3.148932675000000181e+00 9.084205304779419121e-02
3.150133641000000040e+00 8.497155217924699799e-02
3.151334606999999899e+00 7.946454895840951438e-02
3.152535573000000202e+00 7.430208058735966736e-02
3.153736539000000061e+00 6.947644546994218018e-02
3.154937504999999920e+00 6.497462742849419159e-02
3.156138471000000223e+00 6.077361841447564972e-02
3.157339437000000082e+00 5.685594022189564833e-02
3.158540402999999941e+00 5.320822482599158604e-02
3.159741368999999800e+00 4.981568718043217353e-02
3.160942335000000103e+00 4.665930393986737756e-02
3.162143300999999962e+00 4.372807253520393650e-02
3.163344266999999821e+00 4.100189640276319381e-02
3.164545232999999680e+00 3.846723116454060093e-02
3.165746197999999900e+00 3.611399415773246940e-02
3.166947164000000203e+00 3.392675001904840726e-02
3.168148130000000062e+00 3.189660109232690666e-02
3.169349095999999921e+00 3.000695585080813063e-02
3.170550061999999780e+00 2.825123234432747044e-02
3.171751028000000083e+00 2.661870170372531569e-02
3.172951993999999942e+00 2.510032940022084366e-02
3.174152959999999801e+00 2.368888400613396866e-02
3.175353925999999660e+00 2.237275672007719637e-02
3.176554891999999963e+00 2.114863134173113404e-02
3.177755857999999822e+00 2.000730613706441438e-02
3.178956823999999681e+00 1.894390173856200926e-02
3.180157789999999984e+00 1.795186923179761460e-02
3.181358756000000287e+00 1.702418575596207836e-02
3.182559721000000064e+00 1.615821563563748023e-02
3.183760686999999923e+00 1.534762528017651929e-02
3.184961652999999782e+00 1.459052711095337046e-02
3.186162619000000085e+00 1.388075712700684305e-02
3.187363584999999944e+00 1.321583710583896371e-02
3.188564550999999803e+00 1.259231970004796169e-02
3.189765516999999662e+00 1.200649217212168031e-02
3.190966482999999965e+00 1.145773322156865177e-02
3.192167448999999824e+00 1.094140177279073062e-02
3.193368415000000127e+00 1.045646347267370144e-02
3.194569380999999986e+00 9.999094148108345070e-03
3.195770347000000289e+00 9.568530781005430905e-03
3.196971313000000148e+00 9.162234208775552405e-03
3.198172279000000007e+00 8.778138292582400581e-03
3.199373245000000310e+00 8.415373163926018890e-03
3.200574210000000086e+00 8.069675402420912677e-03
3.201775175999999945e+00 7.742465825257004684e-03
3.202976141999999804e+00 7.431220858982373612e-03
3.204177107999999663e+00 7.135283047647934286e-03
3.205378074000000410e+00 6.853696314561176853e-03
3.206579040000000269e+00 6.584413763099852303e-03
3.207780006000000128e+00 6.328650733513636883e-03
3.208980971999999987e+00 6.083612468575005580e-03
3.210181938000000290e+00 5.850786490667780892e-03
3.211382904000000149e+00 5.627311822093614829e-03
3.212583870000000008e+00 5.412354639257314914e-03
3.213784835999999867e+00 5.207270494582009850e-03
3.214985802000000170e+00 5.009378966449718092e-03
3.216186768000000029e+00 4.820061847443362496e-03
3.217387733999999888e+00 4.636389044828560443e-03
3.218588699000000108e+00 4.459217393781057803e-03
3.219789664999999967e+00 4.288657822759132932e-03
3.220990631000000270e+00 4.123377212892940374e-03
3.222191597000000129e+00 3.965100395672200781e-03
3.223392562999999988e+00 3.810505797499490980e-03
3.224593529000000292e+00 3.661388933232829351e-03
3.225794495000000150e+00 3.517051230217077377e-03
3.226995461000000009e+00 3.377109825847741855e-03
3.228196426999999868e+00 3.242124792645237081e-03
3.229397393000000172e+00 3.110168577646326999e-03
3.230598359000000031e+00 2.983207430718741796e-03
3.231799324999999889e+00 2.859180320790692849e-03
3.233000290999999748e+00 2.739182795247969201e-03
3.234201257000000052e+00 2.623125304193974720e-03
3.235402222999999911e+00 2.509577703819585327e-03
3.236603188000000131e+00 2.400380495495420437e-03
3.237804153999999990e+00 2.294071680554255269e-03
3.239005119999999849e+00 2.191519432742075960e-03
3.240206086000000152e+00 2.091604186815093289e-03
3.241407052000000011e+00 1.994869093372436328e-03
3.242608017999999870e+00 1.902145856102798946e-03
3.243808983999999729e+00 1.811285813871310341e-03
3.245009950000000032e+00 1.724683266251010464e-03
3.246210915999999891e+00 1.641115401334097964e-03
3.247411881999999750e+00 1.560592871675213966e-03
3.248612848000000053e+00 1.483757263097236533e-03
3.249813813999999912e+00 1.408899728487412019e-03
3.251014779999999771e+00 1.337465434204351865e-03
3.252215746000000074e+00 1.268397916237882107e-03
3.253416712000000377e+00 1.202546292245133125e-03
3.254617677000000153e+00 1.139616399636193041e-03
3.255818643000000012e+00 1.078513437416361940e-03
3.257019608999999871e+00 1.020982753029341279e-03
3.258220574999999730e+00 9.653507383598040892e-04
3.259421541000000033e+00 9.124288624515673697e-04
3.260622506999999892e+00 8.621788728451005700e-04
3.261823472999999751e+00 8.140393735772679870e-04
3.263024438999999610e+00 7.688704913110970063e-04
3.264225405000000357e+00 7.248433164670450325e-04
3.265426371000000216e+00 6.830791430150914790e-04
3.266627337000000075e+00 6.432505486011181424e-04
3.267828302999999934e+00 6.050378261461279630e-04
3.269029269000000237e+00 5.696973425187288513e-04
3.270230235000000096e+00 5.356400590043623646e-04
3.271431200999999955e+00 5.037160758692848942e-04
3.272632165999999732e+00 4.733669318411007224e-04
3.273833132000000035e+00 4.444555505258225873e-04
3.275034097999999894e+00 4.180968691309139566e-04
3.276235063999999753e+00 3.926137053511178352e-04
3.277436030000000056e+00 3.693987536155226366e-04
3.278636996000000359e+00 3.475134987995409826e-04
3.279837962000000218e+00 3.263460746309784625e-04
3.281038928000000077e+00 3.071671361156095149e-04
3.282239893999999936e+00 2.885457701868136002e-04
3.283440860000000239e+00 2.715454175692890316e-04
3.284641826000000098e+00 2.552770908757546098e-04
3.285842791999999957e+00 2.400708763563313584e-04
3.287043757999999816e+00 2.266380602353173926e-04
3.288244724000000119e+00 2.133531293785997137e-04
3.289445689000000339e+00 2.015849368983621277e-04
3.290646655000000198e+00 1.903216236472735491e-04
3.291847621000000057e+00 1.798008390905882236e-04
3.293048587000000360e+00 1.705077180969084057e-04
3.294249553000000219e+00 1.611794754453461887e-04
3.295450519000000078e+00 1.527742652041440437e-04
3.296651484999999937e+00 1.444855183658641453e-04
3.297852451000000240e+00 1.366054860022249660e-04
3.299053417000000099e+00 1.296433602570082040e-04
3.300254382999999958e+00 1.224671801989981029e-04
3.301455348999999817e+00 1.160051181365860288e-04
3.302656315000000120e+00 1.098326992028201692e-04
3.303857280999999979e+00 1.039966986320985684e-04
3.305058246999999838e+00 9.916507367817684428e-05
3.306259212999999697e+00 9.420161034505515119e-05
3.307460177999999917e+00 8.988980602925361531e-05
3.308661144000000220e+00 8.583398710810118018e-05
3.309862110000000079e+00 8.197885629496954913e-05
3.311063075999999938e+00 7.882396682300815520e-05
3.312264041999999797e+00 7.552148342723723055e-05
3.313465008000000100e+00 7.281090950154502919e-05
3.314665973999999959e+00 7.027203705284295200e-05
3.315866939999999818e+00 6.775220381598432416e-05
3.317067906000000121e+00 6.608616164928920013e-05
3.318268871999999980e+00 6.411552967601346373e-05
3.319469837999999839e+00 6.231126719907728346e-05
3.320670803999999698e+00 6.055193149856005915e-05
3.321871770000000001e+00 5.886447035459837975e-05
3.323072735999999860e+00 5.804283272140869823e-05
3.324273702000000164e+00 5.677029065075876431e-05
3.325474666999999940e+00 5.517788315897072937e-05
3.326675632999999799e+00 5.375949633254962259e-05
3.327876599000000102e+00 5.249591785409493178e-05
3.329077564999999961e+00 5.171953314264478204e-05
3.330278530999999820e+00 5.084754040329909826e-05
3.331479496999999679e+00 4.947270910654091148e-05
3.332680462999999982e+00 4.815478608299748913e-05
3.333881428999999841e+00 4.656405552026715236e-05
3.335082394999999700e+00 4.532804183691671335e-05
3.336283361000000003e+00 4.379067352497578107e-05
3.337484327000000306e+00 4.215236698525287471e-05
3.338685293000000165e+00 4.081013368851244666e-05
3.339886259000000024e+00 3.945476144649336759e-05
3.341087225000000327e+00 3.875980719746252324e-05
3.342288191000000186e+00 3.805012516636321890e-05
3.343489155999999962e+00 3.695888821417969055e-05
3.344690121999999821e+00 3.621951474078677157e-05
3.345891087999999680e+00 3.551038611038567902e-05
3.347092053999999983e+00 3.473845711541602015e-05
3.348293020000000286e+00 3.392782943677086211e-05
3.349493986000000145e+00 3.292731404524182267e-05
3.350694952000000004e+00 3.224634741858732986e-05
3.351895918000000307e+00 3.159343556702733178e-05
3.353096884000000166e+00 3.112157922855285326e-05
3.354297850000000025e+00 3.080506007517209185e-05
3.355498815999999884e+00 3.027961242673295935e-05
3.356699782000000187e+00 2.981953564277278545e-05
3.357900748000000046e+00 2.933000884523160695e-05
3.359101713999999905e+00 2.871245686325039890e-05
3.360302679999999764e+00 2.825423254965423031e-05
3.361503644999999985e+00 2.774303213792030063e-05
3.362704611000000288e+00 2.741711442319056627e-05
3.363905577000000147e+00 2.724748214556450631e-05
3.365106543000000006e+00 2.700192129901134522e-05
3.366307509000000309e+00 2.704202597515110678e-05
3.367508475000000168e+00 2.736139422212665080e-05
3.368709441000000027e+00 2.763650262643715583e-05
3.369910406999999886e+00 2.782733155411836804e-05
3.371111373000000189e+00 2.763109181104638911e-05
3.372312339000000048e+00 2.740057992746861124e-05
3.373513304999999907e+00 2.727020098465236740e-05
3.374714270999999766e+00 2.726495716097379003e-05
3.375915237000000069e+00 2.734862099328186165e-05
3.377116202999999928e+00 2.733706931727263782e-05
3.378317168999999787e+00 2.733092543852760971e-05
3.379518134000000007e+00 2.776342149294273967e-05
3.380719099999999866e+00 2.838672881517727517e-05
3.381920066000000169e+00 2.893679084252908653e-05
3.383121032000000028e+00 2.925489298663146964e-05
3.384321997999999887e+00 2.924029639594264175e-05
3.385522963999999746e+00 2.931246751919625219e-05
3.386723930000000049e+00 2.946561245771133337e-05
3.387924895999999908e+00 2.972190252343492593e-05
3.389125861999999767e+00 2.988740792793003200e-05
3.390326828000000070e+00 2.969607048939241443e-05
3.391527793999999929e+00 2.953227325254073661e-05
3.392728759999999788e+00 2.998314133233658180e-05
3.393929725999999647e+00 3.064160262196469930e-05
3.395130692000000394e+00 3.130427867615630596e-05
3.396331658000000253e+00 3.192379937376162765e-05
3.397532623000000029e+00 3.269679419599688354e-05
3.398733588999999888e+00 3.362445754843925631e-05
3.399934554999999747e+00 3.481775032068794827e-05
3.401135521000000050e+00 3.613958119008401563e-05
3.402336486999999909e+00 3.701511733673854167e-05
3.403537452999999768e+00 3.771344491055313804e-05
3.404738418999999627e+00 3.843209258598480511e-05
3.405939384999999930e+00 3.912114491018032505e-05
3.407140350999999789e+00 3.961045030431898137e-05
3.408341317000000092e+00 4.027697777304399372e-05
3.409542283000000396e+00 4.128751745599816835e-05
3.410743249000000255e+00 4.229733814287047329e-05
3.411944215000000113e+00 4.381369619026467349e-05
3.413145180999999972e+00 4.565591174936510971e-05
3.414346145999999749e+00 4.708981859122577870e-05
3.415547112000000052e+00 4.816066368214546152e-05
3.416748077999999911e+00 4.925702365663636885e-05
3.417949043999999770e+00 5.015309821024713054e-05
3.419150009999999629e+00 5.113349470726712164e-05
3.420350976000000376e+00 5.203084281191211339e-05
3.421551942000000235e+00 5.238503191018244393e-05
3.422752908000000094e+00 5.265459343762535557e-05
3.423953873999999953e+00 5.332590873903376538e-05
3.425154840000000256e+00 5.464102197153556046e-05
3.426355806000000115e+00 5.566416647780709961e-05
3.427556771999999974e+00 5.593822390128381724e-05
3.428757737999999833e+00 5.593859510534365776e-05
3.429958704000000136e+00 5.589618562512093438e-05
3.431159669999999995e+00 5.652819614451273263e-05
3.432360635000000215e+00 5.761270629227710873e-05
3.433561601000000074e+00 5.796602680158969548e-05
3.434762567000000377e+00 5.790709687622016676e-05
3.435963533000000236e+00 5.831841598692886976e-05
3.437164499000000095e+00 5.876213573706948353e-05
3.438365464999999954e+00 5.930428816636702311e-05
3.439566431000000257e+00 5.991809061610063987e-05
3.440767397000000116e+00 5.975515253137809850e-05
3.441968362999999975e+00 5.968272388587105443e-05
3.443169328999999834e+00 6.007695673444684637e-05
3.444370295000000137e+00 6.064883399920444713e-05
3.445571260999999996e+00 6.110496887797977478e-05
3.446772226999999855e+00 6.133867221361719577e-05
3.447973192999999714e+00 6.202945631977612622e-05
3.449174159000000017e+00 6.284677574045722322e-05
3.450375124000000238e+00 6.311720351158914440e-05
3.451576090000000097e+00 6.340461589669749804e-05
3.452777055999999956e+00 6.297684436852002388e-05
3.453978021999999815e+00 6.206700965662764378e-05
3.455178988000000118e+00 6.183889425325860120e-05
3.456379953999999977e+00 6.151186649152192668e-05
3.457580919999999836e+00 6.067840469561182435e-05
3.458781886000000139e+00 6.009287773098908686e-05
3.459982851999999998e+00 5.949640487581551920e-05
3.461183817999999857e+00 5.903207883804681536e-05
3.462384783999999716e+00 5.937477602947643533e-05
3.463585750000000019e+00 5.954929507072822913e-05
3.464786715999999878e+00 6.002419963048262252e-05
3.465987681999999737e+00 6.078764905128355007e-05
3.467188648000000040e+00 6.105490795688601525e-05
3.468389612999999816e+00 6.128733065426281124e-05
3.469590579000000119e+00 6.130084188313442638e-05
3.470791544999999978e+00 6.100904559358694167e-05
3.471992510999999837e+00 6.085234363950924947e-05
3.473193476999999696e+00 6.046652396055329635e-05
3.474394442999999999e+00 5.960872395679790074e-05
3.475595408999999858e+00 5.857008261078803921e-05
3.476796374999999717e+00 5.720329759141369114e-05
3.477997340999999576e+00 5.617312657320056198e-05
3.479198307000000323e+00 5.549256534885061641e-05
3.480399273000000182e+00 5.453203919014640023e-05
3.481600239000000041e+00 5.399248836049145813e-05
3.482801205000000344e+00 5.345688437613669908e-05
3.484002171000000203e+00 5.298877889623430926e-05
3.485203137000000062e+00 5.328159067425078334e-05
3.486404101999999838e+00 5.301273794958829758e-05
3.487605067999999697e+00 5.228802172307691476e-05
3.488806034000000000e+00 5.188481693816054518e-05
3.490006999999999859e+00 5.083414595896186447e-05
3.491207966000000162e+00 5.004158524051331578e-05
3.492408932000000021e+00 4.990353407752607339e-05
3.493609898000000324e+00 4.895172669372579652e-05
3.494810864000000183e+00 4.834607309938797353e-05
3.496011830000000042e+00 4.865601626011726558e-05
3.497212795999999901e+00 4.865398002828500237e-05
3.498413762000000204e+00 4.918930123723678751e-05
3.499614728000000063e+00 4.969263080544102199e-05
3.500815693999999922e+00 4.885878875079698150e-05
3.502016659999999781e+00 4.838407023198876603e-05
3.503217626000000084e+00 4.817854120603412208e-05
3.504418591000000305e+00 4.727589012292756580e-05
3.505619557000000164e+00 4.704326416064401892e-05
3.506820523000000023e+00 4.675952128683812179e-05
3.508021489000000326e+00 4.637030947766707665e-05
3.509222455000000629e+00 0.000000000000000000e+00
3.510423421000000932e+00 0.000000000000000000e+00
