# WAVELENGTH THROUGHPUT
1.685400024414062781e+00 0.000000000000000000e+00
1.686400024414062671e+00 0.000000000000000000e+00
1.687400024414062560e+00 8.373106919107576294e-05
1.688400024414062450e+00 9.088260220239540062e-05
1.689400024414062562e+00 9.910460362810619064e-05
1.690400024414062452e+00 1.064428887532099376e-04
1.691400024414062564e+00 1.160581077055389108e-04
1.692400024414062454e+00 1.269869921466399570e-04
1.693400024414062566e+00 1.390502539533163755e-04
1.694400024414062456e+00 1.526146550028431147e-04
1.695400024414062568e+00 1.673769606536747775e-04
1.696400024414062457e+00 1.841814450666279788e-04
1.697400024414062569e+00 2.043144458412798111e-04
1.698400024414062459e+00 2.252597159344936614e-04
1.699400024414062571e+00 2.519590583999003716e-04
1.700400024414062461e+00 2.814754957320030797e-04
1.701400024414062573e+00 3.138918548307117031e-04
1.702400024414062463e+00 3.542939986862860577e-04
1.703400024414062575e+00 3.978247440437998974e-04
1.704400024414062464e+00 4.479908156447267253e-04
1.705400024414062576e+00 5.059466959245982869e-04
1.706400024414062466e+00 5.718043362975182373e-04
1.707400024414062578e+00 6.464306949569854346e-04
1.708400024414062468e+00 7.299108753431672635e-04
1.709400024414062580e+00 8.261060483608648544e-04
1.710400024414062470e+00 9.359314788818343415e-04
1.711400024414062582e+00 1.056322473689928591e-03
1.712400024414062472e+00 1.196826901764118031e-03
1.713400024414062583e+00 1.355314596680628559e-03
1.714400024414062473e+00 1.529517075806036781e-03
1.715400024414062585e+00 1.728664669046535386e-03
1.716400024414062475e+00 1.961683680113710665e-03
1.717400024414062587e+00 2.218456526662379667e-03
1.718400024414062477e+00 2.519714161108090565e-03
1.719400024414062589e+00 2.871662642323770647e-03
1.720400024414062479e+00 3.260796413867929344e-03
1.721400024414062591e+00 3.713388962569567648e-03
1.722400024414062480e+00 4.241287728719624409e-03
1.723400024414062592e+00 4.849764172544207552e-03
1.724400024414062482e+00 5.564504008252993406e-03
1.725400024414062594e+00 6.420142555273796771e-03
1.726400024414062484e+00 7.413648617032164191e-03
1.727400024414062596e+00 8.586036140422493093e-03
1.728400024414062486e+00 9.980416350079101759e-03
1.729400024414062598e+00 1.168159971760237420e-02
1.730400024414062488e+00 1.365333784991362709e-02
1.731400024414062599e+00 1.604314835950407594e-02
1.732400024414062489e+00 1.892105298195844582e-02
1.733400024414062601e+00 2.205842802481898859e-02
1.734400024414062491e+00 2.552349858076292596e-02
1.735400024414062603e+00 2.902892004011699278e-02
1.736400024414062493e+00 3.274000463078753642e-02
1.737400024414062605e+00 3.658407002409450048e-02
1.738400024414062495e+00 4.108991760834562745e-02
1.739400024414062607e+00 4.572659457186296211e-02
1.740400024414062496e+00 5.096057031028124878e-02
1.741400024414062608e+00 5.684622346197232279e-02
1.742400024414062498e+00 6.306971976013042713e-02
1.743400024414062610e+00 7.003797779676929069e-02
1.744400024414062500e+00 7.784255948564987315e-02
1.745400024414062390e+00 8.700563039295715340e-02
1.746400024414062502e+00 9.726476373560610789e-02
1.747400024414062392e+00 1.095122163824706341e-01
1.748400024414062504e+00 1.238813845876095415e-01
1.749400024414062393e+00 1.404438854710756412e-01
1.750400024414062505e+00 1.596721741626110913e-01
1.751400024414062395e+00 1.809587556961141375e-01
1.752400024414062507e+00 2.028953880350583550e-01
1.753400024414062397e+00 2.266927563909937604e-01
1.754400024414062509e+00 2.505675798108423225e-01
1.755400024414062399e+00 2.746787831251377709e-01
1.756400024414062511e+00 2.982670220441722697e-01
1.757400024414062401e+00 3.209259014609540106e-01
1.758400024414062512e+00 3.409585476451377217e-01
1.759400024414062402e+00 3.596003220040880355e-01
1.760400024414062514e+00 3.762074266333918504e-01
1.761400024414062404e+00 3.913314644746131998e-01
1.762400024414062516e+00 4.054247267411751343e-01
1.763400024414062406e+00 4.191128786094392433e-01
1.764400024414062518e+00 4.313061427056923414e-01
1.765400024414062408e+00 4.431038546320798521e-01
1.766400024414062520e+00 4.541832198835532575e-01
1.767400024414062409e+00 4.642641709988348242e-01
1.768400024414062521e+00 4.742128382380135232e-01
1.769400024414062411e+00 4.834021479901912111e-01
1.770400024414062523e+00 4.919688842458342926e-01
1.771400024414062413e+00 4.989111420019441967e-01
1.772400024414062525e+00 5.050236208289388129e-01
1.773400024414062415e+00 5.099899322764048781e-01
1.774400024414062527e+00 5.138175045952941833e-01
1.775400024414062417e+00 5.171081929985466008e-01
1.776400024414062528e+00 5.184366149257395584e-01
1.777400024414062418e+00 5.203960494074586496e-01
1.778400024414062530e+00 5.205501229370494976e-01
1.779400024414062420e+00 5.218815976701906001e-01
1.780400024414062532e+00 5.227622021491308280e-01
1.781400024414062422e+00 5.230236901973784880e-01
1.782400024414062534e+00 5.236902122061276588e-01
1.783400024414062424e+00 5.236895957662506262e-01
1.784400024414062536e+00 5.240443924170595791e-01
1.785400024414062425e+00 5.248942724539699123e-01
1.786400024414062537e+00 5.252532169072904322e-01
1.787400024414062427e+00 5.259880456560436235e-01
1.788400024414062539e+00 5.273915442919732133e-01
1.789400024414062429e+00 5.279015456975186815e-01
1.790400024414062541e+00 5.284460364713541303e-01
1.791400024414062431e+00 5.288312308415538121e-01
1.792400024414062543e+00 5.289898850888344883e-01
1.793400024414062432e+00 5.286890139104358788e-01
1.794400024414062544e+00 5.287664098675481927e-01
1.795400024414062434e+00 5.275210339556699601e-01
1.796400024414062546e+00 5.266864529291803709e-01
1.797400024414062436e+00 5.251396099258067718e-01
1.798400024414062548e+00 5.236091625279341022e-01
1.799400024414062438e+00 5.225616157635653014e-01
1.800400024414062550e+00 5.208680996680485897e-01
1.801400024414062440e+00 5.197575749124320188e-01
1.802400024414062552e+00 5.179728223100640294e-01
1.803400024414062441e+00 5.164118838200142392e-01
1.804400024414062553e+00 5.144813503843237434e-01
1.805400024414062443e+00 5.127102966253901384e-01
1.806400024414062555e+00 5.115814808625125387e-01
1.807400024414062445e+00 5.110718755792034163e-01
1.808400024414062557e+00 5.103600421822339639e-01
1.809400024414062447e+00 5.097969848031017603e-01
1.810400024414062559e+00 5.095759361967973078e-01
1.811400024414062448e+00 5.086263464281906010e-01
1.812400024414062560e+00 5.094567125725952828e-01
1.813400024414062450e+00 5.096274316712152697e-01
1.814400024414062562e+00 5.105599609163060659e-01
1.815400024414062452e+00 5.114127961881976825e-01
1.816400024414062564e+00 5.118713765174783825e-01
1.817400024414062454e+00 5.128137453796882683e-01
1.818400024414062566e+00 5.144093281252977157e-01
1.819400024414062456e+00 5.155051318627877910e-01
1.820400024414062568e+00 5.161975069084737688e-01
1.821400024414062457e+00 5.177172034596011496e-01
1.822400024414062569e+00 5.192442958546598097e-01
1.823400024414062459e+00 5.196093777880176345e-01
1.824400024414062571e+00 5.220098475746444144e-01
1.825400024414062461e+00 5.233217912329564125e-01
1.826400024414062573e+00 5.244800426559106388e-01
1.827400024414062463e+00 5.252343942658377340e-01
1.828400024414062575e+00 5.257700758363323956e-01
1.829400024414062464e+00 5.265475066620385336e-01
1.830400024414062576e+00 5.281911811189222705e-01
1.831400024414062466e+00 5.284992202982897735e-01
1.832400024414062578e+00 5.299657854323621686e-01
1.833400024414062468e+00 5.305339870796862423e-01
1.834400024414062580e+00 5.306071936896887831e-01
1.835400024414062470e+00 5.307637978034789317e-01
1.836400024414062582e+00 5.322751070747588908e-01
1.837400024414062472e+00 5.322850388701004798e-01
1.838400024414062583e+00 5.326707779971920909e-01
1.839400024414062473e+00 5.325916808661333990e-01
1.840400024414062585e+00 5.330442097041870886e-01
1.841400024414062475e+00 5.325139638880654891e-01
1.842400024414062587e+00 5.328526571712359772e-01
1.843400024414062477e+00 5.327480247260021340e-01
1.844400024414062589e+00 5.325002170474313345e-01
1.845400024414062479e+00 5.325852626061551298e-01
1.846400024414062591e+00 5.314631705328387579e-01
1.847400024414062480e+00 5.307389247198296411e-01
1.848400024414062592e+00 5.308918376443330089e-01
1.849400024414062482e+00 5.297716156449858715e-01
1.850400024414062594e+00 5.286758721899372793e-01
1.851400024414062484e+00 5.281489946355464316e-01
1.852400024414062596e+00 5.279863521525614001e-01
1.853400024414062486e+00 5.273083831418756695e-01
1.854400024414062598e+00 5.255559995542279372e-01
1.855400024414062488e+00 5.250484181412822249e-01
1.856400024414062599e+00 5.241723699968859895e-01
1.857400024414062489e+00 5.246071794651284703e-01
1.858400024414062601e+00 5.239321844407166529e-01
1.859400024414062491e+00 5.232825121579653960e-01
1.860400024414062603e+00 5.227384978643703217e-01
1.861400024414062493e+00 5.220755481446711643e-01
1.862400024414062605e+00 5.212765777788377353e-01
1.863400024414062495e+00 5.208734268925959698e-01
1.864400024414062607e+00 5.200633795580784646e-01
1.865400024414062496e+00 5.205455252225013041e-01
1.866400024414062608e+00 5.208660910651252696e-01
1.867400024414062498e+00 5.204844441387603826e-01
1.868400024414062610e+00 5.208749033573557563e-01
1.869400024414062500e+00 5.212487956012876733e-01
1.870400024414062390e+00 5.219942807993127598e-01
1.871400024414062502e+00 5.227006947003892678e-01
1.872400024414062392e+00 5.234413015054201201e-01
1.873400024414062504e+00 5.243719673090493361e-01
1.874400024414062393e+00 5.251888303066369890e-01
1.875400024414062505e+00 5.257629913278907274e-01
1.876400024414062395e+00 5.269123292906663369e-01
1.877400024414062507e+00 5.269783145817734660e-01
1.878400024414062397e+00 5.274121637346387281e-01
1.879400024414062509e+00 5.277604412191285732e-01
1.880400024414062399e+00 5.289243277434030333e-01
1.881400024414062511e+00 5.295097620678589356e-01
1.882400024414062401e+00 5.301013831150535038e-01
1.883400024414062512e+00 5.306442710827291576e-01
1.884400024414062402e+00 5.316004449290127054e-01
1.885400024414062514e+00 5.323204668816723384e-01
1.886400024414062404e+00 5.331013514519279406e-01
1.887400024414062516e+00 5.335095146488345597e-01
1.888400024414062406e+00 5.335262636878861375e-01
1.889400024414062518e+00 5.346198475331462863e-01
1.890400024414062408e+00 5.348484023738346860e-01
1.891400024414062520e+00 5.347976195470011129e-01
1.892400024414062409e+00 5.343866082977160037e-01
1.893400024414062521e+00 5.344067729106921627e-01
1.894400024414062411e+00 5.349756445879114697e-01
1.895400024414062523e+00 5.355730432572987088e-01
1.896400024414062413e+00 5.360599383807209684e-01
1.897400024414062525e+00 5.364111954618264733e-01
1.898400024414062415e+00 5.366110003955024688e-01
1.899400024414062527e+00 5.369078704129114366e-01
1.900400024414062417e+00 5.368483124250220673e-01
1.901400024414062528e+00 5.369046461396248526e-01
1.902400024414062418e+00 5.379365832522157165e-01
1.903400024414062530e+00 5.380525704963888822e-01
1.904400024414062420e+00 5.379093768148750510e-01
1.905400024414062532e+00 5.384798748855399442e-01
1.906400024414062422e+00 5.385632100819308654e-01
1.907400024414062534e+00 5.384546514218550017e-01
1.908400024414062424e+00 5.386761220159859143e-01
1.909400024414062536e+00 5.387935947201146769e-01
1.910400024414062425e+00 5.393273674502250259e-01
1.911400024414062537e+00 5.392099561921077644e-01
1.912400024414062427e+00 5.394999383716537755e-01
1.913400024414062539e+00 5.398966290974704929e-01
1.914400024414062429e+00 5.408833223331094286e-01
1.915400024414062541e+00 5.400851808338190674e-01
1.916400024414062431e+00 5.395890641294203149e-01
1.917400024414062543e+00 5.399309144185149290e-01
1.918400024414062432e+00 5.399359942208662444e-01
1.919400024414062544e+00 5.398379276576935615e-01
1.920400024414062434e+00 5.390692337157521052e-01
1.921400024414062546e+00 5.387537370461376041e-01
1.922400024414062436e+00 5.394901654039980787e-01
1.923400024414062548e+00 5.382953388603877176e-01
1.924400024414062438e+00 5.379925282610489301e-01
1.925400024414062550e+00 5.375533049767264870e-01
1.926400024414062440e+00 5.368252918622106185e-01
1.927400024414062552e+00 5.359679625857644014e-01
1.928400024414062441e+00 5.350311732224606320e-01
1.929400024414062553e+00 5.350173705581745542e-01
1.930400024414062443e+00 5.347480611010432261e-01
1.931400024414062555e+00 5.338908019459902565e-01
1.932400024414062445e+00 5.335413950388738780e-01
1.933400024414062557e+00 5.328830749373084652e-01
1.934400024414062447e+00 5.315847721176915064e-01
1.935400024414062559e+00 5.312824518823054953e-01
1.936400024414062448e+00 5.305823843399237738e-01
1.937400024414062560e+00 5.299051873432460980e-01
1.938400024414062450e+00 5.295087832137145289e-01
1.939400024414062562e+00 5.291429940905951756e-01
1.940400024414062452e+00 5.291472795363443282e-01
1.941400024414062564e+00 5.290781471145056258e-01
1.942400024414062454e+00 5.292848391952782450e-01
1.943400024414062566e+00 5.302046943284257630e-01
1.944400024414062456e+00 5.306843619096595077e-01
1.945400024414062568e+00 5.309922594998929268e-01
1.946400024414062457e+00 5.311394709258125957e-01
1.947400024414062569e+00 5.314563715823655832e-01
1.948400024414062459e+00 5.321325066965615358e-01
1.949400024414062571e+00 5.324220699303208182e-01
1.950400024414062461e+00 5.331260887938512605e-01
1.951400024414062573e+00 5.333534236116868055e-01
1.952400024414062463e+00 5.336583630215837593e-01
1.953400024414062575e+00 5.345616840645786016e-01
1.954400024414062464e+00 5.346763028573201515e-01
1.955400024414062576e+00 5.349751452930754381e-01
1.956400024414062466e+00 5.355323850261139995e-01
1.957400024414062578e+00 5.361145087017022970e-01
1.958400024414062468e+00 5.361919534477906923e-01
1.959400024414062580e+00 5.357673498396915424e-01
1.960400024414062470e+00 5.364562429952803857e-01
1.961400024414062582e+00 5.365723313473873546e-01
1.962400024414062472e+00 5.364905145102250028e-01
1.963400024414062583e+00 5.361760420896147794e-01
1.964400024414062473e+00 5.365748198219052467e-01
1.965400024414062585e+00 5.363014171347887382e-01
1.966400024414062475e+00 5.359981715716664041e-01
1.967400024414062587e+00 5.358066381271895384e-01
1.968400024414062477e+00 5.355540694261650136e-01
1.969400024414062589e+00 5.354040694715237469e-01
1.970400024414062479e+00 5.343543365015143154e-01
1.971400024414062591e+00 5.352777062235821726e-01
1.972400024414062480e+00 5.352201923245006876e-01
1.973400024414062592e+00 5.340312006903170650e-01
1.974400024414062482e+00 5.338199590028227526e-01
1.975400024414062594e+00 5.335480170907391795e-01
1.976400024414062484e+00 5.335288572922086692e-01
1.977400024414062596e+00 5.337203777189478693e-01
1.978400024414062486e+00 5.336052246968262525e-01
1.979400024414062598e+00 5.332481403208153559e-01
1.980400024414062488e+00 5.333776591859998861e-01
1.981400024414062599e+00 5.329393686978063371e-01
1.982400024414062489e+00 5.330779994196499505e-01
1.983400024414062601e+00 5.332307172499165526e-01
1.984400024414062491e+00 5.334079793609848297e-01
1.985400024414062603e+00 5.327524326282465639e-01
1.986400024414062493e+00 5.332165707141726108e-01
1.987400024414062605e+00 5.334992675616365698e-01
1.988400024414062495e+00 5.338797952485928588e-01
1.989400024414062607e+00 5.339647040347174078e-01
1.990400024414062496e+00 5.342013575281006066e-01
1.991400024414062608e+00 5.338064460889955232e-01
1.992400024414062498e+00 5.333376833467292633e-01
1.993400024414062610e+00 5.337071411155951406e-01
1.994400024414062500e+00 5.323991690605537341e-01
1.995400024414062390e+00 5.313169830349137035e-01
1.996400024414062502e+00 5.285540254790422887e-01
1.997400024414062392e+00 5.273131132610189287e-01
1.998400024414062504e+00 5.286585605103548691e-01
1.999400024414062393e+00 5.306615228576222476e-01
2.000400024414062283e+00 5.323504543616616180e-01
2.001400024414062617e+00 5.323819189302443355e-01
2.002400024414062507e+00 5.337764135807786525e-01
2.003400024414062397e+00 5.349218063014204994e-01
2.004400024414062287e+00 5.348876474488272192e-01
2.005400024414062621e+00 5.341951987431200477e-01
2.006400024414062511e+00 5.338990681546104122e-01
2.007400024414062401e+00 5.333375218811858831e-01
2.008400024414062290e+00 5.329438468211163960e-01
2.009400024414062624e+00 5.328761234905787791e-01
2.010400024414062514e+00 5.330759776965083852e-01
2.011400024414062404e+00 5.327245763691016434e-01
2.012400024414062294e+00 5.333716817788357600e-01
2.013400024414062628e+00 5.325689097803362193e-01
2.014400024414062518e+00 5.331026678014090248e-01
2.015400024414062408e+00 5.339496434468518071e-01
2.016400024414062297e+00 5.342563627428097428e-01
2.017400024414062631e+00 5.343954286376375595e-01
2.018400024414062521e+00 5.352232166256727375e-01
2.019400024414062411e+00 5.352669490520194362e-01
2.020400024414062301e+00 5.355524377251102974e-01
2.021400024414062635e+00 5.345334036857426474e-01
2.022400024414062525e+00 5.358212546966329981e-01
2.023400024414062415e+00 5.365277561546470952e-01
2.024400024414062305e+00 5.371389062504201561e-01
2.025400024414062639e+00 5.385333802088899668e-01
2.026400024414062528e+00 5.389893804116224763e-01
2.027400024414062418e+00 5.386423768857326877e-01
2.028400024414062308e+00 5.394652620145650168e-01
2.029400024414062642e+00 5.395448650990765094e-01
2.030400024414062532e+00 5.400604649857536632e-01
2.031400024414062422e+00 5.403265334426556876e-01
2.032400024414062312e+00 5.404065973729649253e-01
2.033400024414062646e+00 5.405999635865105235e-01
2.034400024414062536e+00 5.404188428037706160e-01
2.035400024414062425e+00 5.406066504070714540e-01
2.036400024414062315e+00 5.400134025067642174e-01
2.037400024414062649e+00 5.401216474067415119e-01
2.038400024414062539e+00 5.398275970999611983e-01
2.039400024414062429e+00 5.397896031118050164e-01
2.040400024414062319e+00 5.392333866950488330e-01
2.041400024414062653e+00 5.378211982202496522e-01
2.042400024414062543e+00 5.378188262511512940e-01
2.043400024414062432e+00 5.366864411945012625e-01
2.044400024414062322e+00 5.353386867392332382e-01
2.045400024414062656e+00 5.349061318420437194e-01
2.046400024414062546e+00 5.330168944609298132e-01
2.047400024414062436e+00 5.324356955559473858e-01
2.048399902343749801e+00 5.314611090068069865e-01
2.049399902343750135e+00 5.308216180934401951e-01
2.050399902343750025e+00 5.301972883302257245e-01
2.051399902343749915e+00 5.298212616275818077e-01
2.052399902343749805e+00 5.287159508762082627e-01
2.053399902343750139e+00 5.282887790857289101e-01
2.054399902343750028e+00 5.283381491986591794e-01
2.055399902343749918e+00 5.281441414043639426e-01
2.056399902343749808e+00 5.274313622215882624e-01
2.057399902343750142e+00 5.275134636239218189e-01
2.058399902343750032e+00 5.277524594362182908e-01
2.059399902343749922e+00 5.278679446310486911e-01
2.060399902343749812e+00 5.280380130159707530e-01
2.061399902343750146e+00 5.284023278674981894e-01
2.062399902343750036e+00 5.290530101479589131e-01
2.063399902343749925e+00 5.301594323913243478e-01
2.064399902343749815e+00 5.306043293329678612e-01
2.065399902343750149e+00 5.310962018774439963e-01
2.066399902343750039e+00 5.319550059738703540e-01
2.067399902343749929e+00 5.331472980463902722e-01
2.068399902343749819e+00 5.343246810620172482e-01
2.069399902343750153e+00 5.348936935461049424e-01
2.070399902343750043e+00 5.359017826029770504e-01
2.071399902343749932e+00 5.371127011269767326e-01
2.072399902343749822e+00 5.378522351354003694e-01
2.073399902343750156e+00 5.399044500506484656e-01
2.074399902343750046e+00 5.404140580095185831e-01
2.075399902343749936e+00 5.408839147440114292e-01
2.076399902343749826e+00 5.414682994413740902e-01
2.077399902343750160e+00 5.420879979998175502e-01
2.078399902343750050e+00 5.424577573658766472e-01
2.079399902343749940e+00 5.429944671986230986e-01
2.080399902343749829e+00 5.429090789443089538e-01
2.081399902343750163e+00 5.427417914266519094e-01
2.082399902343750053e+00 5.436333624240573537e-01
2.083399902343749943e+00 5.431432983870108089e-01
2.084399902343749833e+00 5.438650427494343687e-01
2.085399902343750167e+00 5.435984073677196937e-01
2.086399902343750057e+00 5.441417196165656556e-01
2.087399902343749947e+00 5.440501327784161845e-01
2.088399902343749837e+00 5.437911377182688133e-01
2.089399902343750171e+00 5.426694803450110571e-01
2.090399902343750060e+00 5.425099194042566353e-01
2.091399902343749950e+00 5.410763294435299020e-01
2.092399902343749840e+00 5.406587648588814243e-01
2.093399902343750174e+00 5.409283588062600012e-01
2.094399902343750064e+00 5.405502424369620362e-01
2.095399902343749954e+00 5.403227577298697071e-01
2.096399902343749844e+00 5.396101913508568604e-01
2.097399902343750178e+00 5.395250946192907682e-01
2.098399902343750068e+00 5.394171227960156134e-01
2.099399902343749957e+00 5.394356466508680725e-01
2.100399902343749847e+00 5.378855274206280068e-01
2.101399902343750181e+00 5.384185948032624847e-01
2.102399902343750071e+00 5.375634109134606042e-01
2.103399902343749961e+00 5.382206531885831424e-01
2.104399902343749851e+00 5.383452477389447655e-01
2.105399902343750185e+00 5.380049954451856520e-01
2.106399902343750075e+00 5.377328683790054686e-01
2.107399902343749964e+00 5.371884116529763720e-01
2.108399902343749854e+00 5.369856545375570889e-01
2.109399902343750188e+00 5.360915404402549767e-01
2.110399902343750078e+00 5.367563814551551404e-01
2.111399902343749968e+00 5.360602534047580470e-01
2.112399902343749858e+00 5.361425705978259959e-01
2.113399902343750192e+00 5.355731532042699028e-01
2.114399902343750082e+00 5.360236458785654357e-01
2.115399902343749972e+00 5.352494075093250370e-01
2.116399902343749861e+00 5.350546036082302059e-01
2.117399902343750195e+00 5.349010135069911520e-01
2.118399902343750085e+00 5.349607774444242736e-01
2.119399902343749975e+00 5.344896446426418146e-01
2.120399902343749865e+00 5.338989471978904389e-01
2.121399902343750199e+00 5.334094242765102800e-01
2.122399902343750089e+00 5.327469196715850508e-01
2.123399902343749979e+00 5.326331140003274234e-01
2.124399902343749869e+00 5.317556363448860957e-01
2.125399902343750203e+00 5.313404461474897644e-01
2.126399902343750092e+00 5.307197412785029655e-01
2.127399902343749982e+00 5.308514451737880169e-01
2.128399902343749872e+00 5.297517853215178985e-01
2.129399902343750206e+00 5.304554246014032692e-01
2.130399902343750096e+00 5.293040662160433119e-01
2.131399902343749986e+00 5.288172067989466152e-01
2.132399902343749876e+00 5.293768705832679888e-01
2.133399902343750210e+00 5.289969284817424011e-01
2.134399902343750099e+00 5.293527038748124802e-01
2.135399902343749989e+00 5.286110858275318014e-01
2.136399902343749879e+00 5.289635307168313316e-01
2.137399902343750213e+00 5.287207759891521253e-01
2.138399902343750103e+00 5.286905058576923944e-01
2.139399902343749993e+00 5.290784617307516813e-01
2.140399902343749883e+00 5.295764401137479371e-01
2.141399902343750217e+00 5.293741774223250651e-01
2.142399902343750107e+00 5.309121506293584813e-01
2.143399902343749996e+00 5.307381937140857042e-01
2.144399902343749886e+00 5.315315036744535648e-01
2.145399902343750220e+00 5.323061068980615707e-01
2.146399902343750110e+00 5.324060352063398893e-01
2.147399902343750000e+00 5.327073090992215931e-01
2.148399902343749890e+00 5.331130287905030407e-01
2.149399902343749780e+00 5.325323220374862387e-01
2.150399902343750114e+00 5.335867824242591650e-01
2.151399902343750004e+00 5.329138032138754921e-01
2.152399902343749893e+00 5.333110462081176451e-01
2.153399902343749783e+00 5.323666075253098429e-01
2.154399902343750117e+00 5.327593392373147774e-01
2.155399902343750007e+00 5.319329353865143162e-01
2.156399902343749897e+00 5.318384858949213312e-01
2.157399902343749787e+00 5.312489206373508521e-01
2.158399902343750121e+00 5.310863501148178623e-01
2.159399902343750011e+00 5.309606271404199163e-01
2.160399902343749901e+00 5.295457069210963708e-01
2.161399902343749790e+00 5.289727901485388184e-01
2.162399902343750124e+00 5.271713284185183257e-01
2.163399902343750014e+00 5.262739120831876338e-01
2.164399902343749904e+00 5.252094084419498543e-01
2.165399902343749794e+00 5.242233820375956643e-01
2.166399902343750128e+00 5.234797011158901503e-01
2.167399902343750018e+00 5.218812100443073199e-01
2.168399902343749908e+00 5.216185396921709794e-01
2.169399902343749797e+00 5.197260825291111219e-01
2.170399902343750131e+00 5.187852474926607504e-01
2.171399902343750021e+00 5.170174528699811312e-01
2.172399902343749911e+00 5.170685086017614562e-01
2.173399902343749801e+00 5.158519470028827270e-01
2.174399902343750135e+00 5.152073251526350095e-01
2.175399902343750025e+00 5.147102760259345544e-01
2.176399902343749915e+00 5.142843384823492237e-01
2.177399902343749805e+00 5.138042093326024018e-01
2.178399902343750139e+00 5.127387436160165679e-01
2.179399902343750028e+00 5.125890478747805457e-01
2.180399902343749918e+00 5.126309625527262215e-01
2.181399902343749808e+00 5.119968237622484208e-01
2.182399902343750142e+00 5.113486645906866190e-01
2.183399902343750032e+00 5.112544706559122298e-01
2.184399902343749922e+00 5.114161655463193012e-01
2.185399902343749812e+00 5.129917974929129043e-01
2.186399902343750146e+00 5.132668650643216202e-01
2.187399902343750036e+00 5.129037836644568804e-01
2.188399902343749925e+00 5.139114450024316882e-01
2.189399902343749815e+00 5.137013923532720572e-01
2.190399902343750149e+00 5.144543485252880410e-01
2.191399902343750039e+00 5.155467649602717417e-01
2.192399902343749929e+00 5.159322261888172889e-01
2.193399902343749819e+00 5.165589335303248930e-01
2.194399902343750153e+00 5.176112118125524297e-01
2.195399902343750043e+00 5.179422191996948532e-01
2.196399902343749932e+00 5.186997294873484377e-01
2.197399902343749822e+00 5.200827605097064765e-01
2.198399902343750156e+00 5.213727913830098482e-01
2.199399902343750046e+00 5.222600921685529585e-01
2.200399902343749936e+00 5.239329985163070358e-01
2.201399902343749826e+00 5.240294982540106838e-01
2.202399902343750160e+00 5.253756331142577229e-01
2.203399902343750050e+00 5.258908881720547601e-01
2.204399902343749940e+00 5.270604441678234942e-01
2.205399902343749829e+00 5.272112127521676461e-01
2.206399902343750163e+00 5.268200900992360269e-01
2.207399902343750053e+00 5.259696965660013435e-01
2.208399902343749943e+00 5.247047085963220114e-01
2.209399902343749833e+00 5.232138956654621698e-01
2.210399902343750167e+00 5.212883223776094699e-01
2.211399902343750057e+00 5.180986290446730758e-01
2.212399902343749947e+00 5.140030175281379288e-01
2.213399902343749837e+00 5.085589743554388420e-01
2.214399902343750171e+00 5.008283130098921676e-01
2.215399902343750060e+00 4.934931376006065906e-01
2.216399902343749950e+00 4.823953688453733180e-01
2.217399902343749840e+00 4.711197605479592876e-01
2.218399902343750174e+00 4.575552147819335613e-01
2.219399902343750064e+00 4.417693754313994914e-01
2.220399902343749954e+00 4.247177469566722485e-01
2.221399902343749844e+00 4.061698214200712975e-01
2.222399902343750178e+00 3.862724978861774572e-01
2.223399902343750068e+00 3.647224563677295972e-01
2.224399902343749957e+00 3.420336194507414551e-01
2.225399902343749847e+00 3.188360394664623287e-01
2.226399902343750181e+00 2.963766432233189141e-01
2.227399902343750071e+00 2.747551332123644996e-01
2.228399902343749961e+00 2.535063705335218742e-01
2.229399902343749851e+00 2.333984812415551557e-01
2.230399902343750185e+00 2.145453249203314039e-01
2.231399902343750075e+00 1.964163094066809778e-01
2.232399902343749964e+00 1.799359308089548970e-01
2.233399902343749854e+00 1.648003752488318985e-01
2.234399902343750188e+00 1.506407335463189334e-01
2.235399902343750078e+00 1.370393253855697879e-01
2.236399902343749968e+00 1.245100577913966777e-01
2.237399902343749858e+00 1.121725815804303222e-01
2.238399902343750192e+00 1.005712457947368771e-01
2.239399902343750082e+00 9.029647813668696676e-02
2.240399902343749972e+00 8.055173191760667262e-02
2.241399902343749861e+00 7.151355687957644536e-02
2.242399902343750195e+00 6.339178568244410727e-02
2.243399902343750085e+00 5.595525502659717820e-02
2.244399902343749975e+00 4.902877025448716675e-02
2.245399902343749865e+00 4.309031227227767130e-02
2.246399902343750199e+00 3.779822239655278998e-02
2.247399902343750089e+00 3.300757278581999132e-02
2.248399902343749979e+00 2.884002914488023941e-02
2.249399902343749869e+00 2.513669925364431582e-02
2.250399902343750203e+00 2.183473752573030294e-02
2.251399902343750092e+00 1.899905272585112465e-02
2.252399902343749982e+00 1.661046218835040070e-02
2.253399902343749872e+00 1.448940065650312393e-02
2.254399902343750206e+00 1.261412384553346235e-02
2.255399902343750096e+00 1.101473269247931451e-02
2.256399902343749986e+00 9.570021903767494606e-03
2.257399902343749876e+00 8.321055607861052236e-03
2.258399902343750210e+00 7.278564794299056603e-03
2.259399902343750099e+00 6.359771156433441895e-03
2.260399902343749989e+00 5.547909748340108804e-03
2.261399902343749879e+00 4.854058159787740835e-03
2.262399902343750213e+00 4.234302710667028381e-03
2.263399902343750103e+00 3.695942065715510094e-03
2.264399902343749993e+00 3.246781911376474088e-03
2.265399902343749883e+00 2.858159307363309590e-03
2.266399902343750217e+00 2.511077145064965696e-03
2.267399902343750107e+00 2.219393285993474622e-03
2.268399902343749996e+00 1.963032950735868910e-03
2.269399902343749886e+00 1.737877456486429904e-03
2.270399902343750220e+00 1.547043459434621106e-03
2.271399902343750110e+00 1.380566252810420556e-03
2.272399902343750000e+00 1.233639453727358335e-03
2.273399902343749890e+00 1.110437952416909154e-03
2.274399902343749780e+00 9.943303502658294452e-04
2.275399902343750114e+00 8.942481169164639716e-04
2.276399902343750004e+00 8.042714143853251646e-04
2.277399902343749893e+00 7.299718921088022439e-04
2.278399902343749783e+00 6.617976162681155246e-04
2.279399902343750117e+00 6.005371636296378884e-04
2.280399902343750007e+00 5.501841153234597690e-04
2.281399902343749897e+00 4.995257628968752424e-04
2.282399902343749787e+00 4.538659826029988235e-04
2.283399902343750121e+00 4.177008369610225847e-04
2.284399902343750011e+00 3.845977471060887227e-04
2.285399902343749901e+00 3.542242122170287150e-04
2.286399902343749790e+00 3.240288477050268017e-04
2.287399902343750124e+00 2.978169456195122822e-04
2.288399902343750014e+00 2.768575934544777618e-04
2.289399902343749904e+00 2.525270428320408145e-04
2.290399902343749794e+00 2.349506760603763740e-04
2.291399902343750128e+00 2.177673187199698538e-04
2.292399902343750018e+00 2.005145920055213175e-04
2.293399902343749908e+00 1.838240900815761168e-04
2.294399902343749797e+00 1.710016378283708740e-04
2.295399902343750131e+00 1.592473384931870136e-04
2.296399902343750021e+00 1.466170507942067135e-04
2.297399902343749911e+00 1.387656985841643424e-04
2.298399902343749801e+00 1.275491864031992942e-04
2.299399902343750135e+00 1.198326984096526483e-04
2.300399902343750025e+00 1.118192314545502088e-04
2.301399902343749915e+00 0.000000000000000000e+00
2.302399902343749805e+00 0.000000000000000000e+00
